"","theta_1","theta_2","mu_1","mu_2","size_1","size_2","prob_1","prob_2","total_mean_1","total_mean_2","foldChange","norm_total_mean_1","norm_total_mean_2","norm_foldChange","chi2LR1","pvalue_LR2","pvalue_LR3","FDR_LR2","FDR_LR3","pvalue","pvalue.adj.FDR","Remark"
"Lhx1os",0,0.932767804815503,10.5593220338983,1.59362426127945,7.85578205377744,17359.7333913588,0.426594496364259,0.99990820838408,9.86440677966102,0.0535714285714286,184.135593220339,10.5593220338983,0.107142857142857,98.5536723163842,152.190323269797,2.24748553101506e-10,0.000181704572780106,3.18393783560467e-08,0.00115260363330664,0,0,NA
"Lhx1",0.0152338947482584,1,13.8551298301663,0,4.54101807267649,1,0.246846138477434,1,12.8983050847458,0,Inf,13.6440677966102,0,Inf,149.277126609521,0.00696632395247843,0.999994959593975,0.0209977849631442,0.999999861180693,0,0,NA
"Kdm2b",0,0.319838046165033,14.3050847457627,2.23161172706356,4.3737244462556,15242.5107948278,0.234154351130935,0.999853614336828,13.6101694915254,0.928571428571429,14.6571056062581,14.3050847457627,1.51785714285714,9.42452642073779,145.783777313276,7.08632468371384e-07,0,1.50584399528919e-05,0,0,0,NA
"Sfrp2",0.01320946554798,0.502221244411713,22.0368573102164,1.97305155226658,2.40421420853652,15123.0086712902,0.0983677907366637,0.999869550152957,20.6271186440678,0.553571428571429,37.2618917441225,21.7457627118644,0.982142857142857,22.1411402157165,145.693936421948,3.43328563711109e-05,0,0.000339336371109817,0,0,0,NA
"Cited1",0.705908173719353,0.0264730738787915,1.38317181665893,15.4996079818393,10895.7771157256,2.25842121754899,0.999873070434851,0.127177469537373,0.305084745762712,12.6964285714286,0.024029178287921,0.406779661016949,15.0892857142857,0.026958178718283,126.928248961432,0.0182748382029516,8.9269702741035e-12,0.0415337231885264,3.44905669681271e-10,0,0,NA
"Six2",0.844994804622065,0,2.07756837674013,4.69642857142857,13129.5758208708,28.6503550477821,0.999841789277012,0.859163971402537,0.23728813559322,3.60714285714286,0.0657828494713878,0.322033898305085,4.69642857142857,0.0685699555326416,118.975693655974,2.94046739179876e-08,0.00543476710498725,9.61306647318826e-07,0.0254741403756092,0,0,NA
"Emid1",0.00593414051784717,0.654848385811758,8.96847382148766,1.75906132317728,3.60301403300781,12158.2298490367,0.286602037460459,0.999855340219786,8.27118644067797,0.321428571428571,25.7325800376648,8.91525423728813,0.607142857142857,14.6839481555334,118.467960108987,0.000113945641760482,2.29796182082964e-11,0.000880489049967363,8.13861478210498e-10,0,0,NA
"Jag1",0.0365324413792644,0.977589252421494,4.89052761678006,1.59362454940461,3.28407828345782,17664.4456822982,0.401741481306427,0.999909791633443,4.22033898305085,0.0178571428571429,236.338983050847,4.71186440677966,0.0357142857142857,131.932203389831,116.692220256225,0.0975587550085442,0.100969006146835,0.146510497804351,0.281699442194686,0,0,NA
"Spock2",0.726877793941573,0.0323412146040565,1.36525461690985,5.66536794563926,10310.4738369897,2537.22539692316,0.999867603188453,0.997772075771437,0.271186440677966,4.33928571428571,0.0624956406500663,0.372881355932203,5.48214285714286,0.0680174460332358,116.567031881141,6.11257924495456e-05,4.5852210917019e-14,0.000519569235821138,3.89743792794661e-12,0,0,NA
"Sox11",0.0165807648908425,0.040072332399687,22.4053961134348,5.20872586486,4.33742524510062,11.0005545077429,0.16219026358325,0.678657796945517,21.0847457627119,3.89285714285714,5.41626496656819,22.0338983050847,5,4.40677966101695,113.61067586657,6.25506757501171e-10,0,6.64600929844994e-08,0,0,0,NA
"Emx2",0.115034595758002,1,4.57740770115199,0,9.89573767305548,1,0.683730966365517,1,3.6271186440678,0,Inf,4.05084745762712,0,Inf,111.119001139511,0.0504710901537285,0.999998725780261,0.0879107103087485,0.999999861180693,0,0,NA
"Pax8",0,0.412710699288556,8.52542372881356,2.4324859621864,5.60478445953534,15845.5221649267,0.396652645511393,0.999846511047276,7.96610169491525,0.910714285714286,8.74709205716185,8.52542372881356,1.42857142857143,5.96779661016949,108.203130713191,1.6082958298469e-09,2.55351295663786e-15,1.15963425766681e-07,2.71310751642773e-13,0,0,NA
"Eya1",0.829907180729687,0.0325718112477854,1.19575748933821,4.07929866245029,19531.1026855279,30.7019012635854,0.999938780502826,0.882715413179386,0.135593220338983,2.91071428571429,0.0465841738587917,0.203389830508475,3.94642857142857,0.0515376946084822,106.057358032588,0.000778162866457266,0.0013434216009216,0.00428474206362926,0.00731992538963693,0,0,NA
"Clu",0.0413977413999389,0.876573794274787,7.9918613456969,2.0255021617049,2.50950510552925,12427.8824179475,0.238969387192105,0.999837046084756,7.11864406779661,0.142857142857143,49.8305084745763,7.66101694915254,0.25,30.6440677966102,105.877185668846,0.0145076523385217,4.38878220703209e-05,0.0349199589585913,0.000351930648677102,0,0,NA
"Spint2",0.0273341082669807,0.578402699656805,9.27034565394509,2.2025080047086,4.42303062421186,13238.5356064013,0.323005118267821,0.999833656705111,8.40677966101695,0.553571428571429,15.1864406779661,9.01694915254237,0.928571428571429,9.71056062581486,105.533374765595,8.2431303841779e-05,3.30846461338297e-12,0.000673717387168386,1.40609746068776e-10,0,0,NA
"Tgfbi",6.31105582261166e-08,0.0523178992452807,0.45762712419255,4.78611370021839,0.0435166528557102,9.89317631697947,0.0868346667138592,0.673954687548845,0.389830508474576,3.5,0.11138014527845,0.457627118644068,4.53571428571429,0.100894167890031,104.933492291999,0.00312770871198509,0.00010033480566507,0.0118685375231577,0.000687778909800882,0,0,NA
"Wt1",0.460071511463475,0.0126576706093209,1.47539939341181,5.9864890264118,4.61328001320329,20.3076213313265,0.757681543914294,0.772325857579358,0.576271186440678,4.71428571428571,0.122239342578326,0.796610169491525,5.91071428571429,0.13477392595627,103.554428938572,0.0312254560104687,4.12669898253171e-13,0.0608753156167394,2.92307844595996e-11,0,0,NA
"Lef1",0.114688526603373,1,3.27376889244327,0,8.77568121671762,1,0.728305535706206,1,2.4406779661017,0,Inf,2.89830508474576,0,Inf,103.202247055066,0.0206800532288235,0.0266451690050572,0.0450719108833332,0.0943683068929109,0,0,NA
"4930523C07Rik",0.154362414601978,1,4.04869526132387,0,7.94308194778956,1,0.662377378204878,1,2.98305084745763,0,Inf,3.42372881355932,0,Inf,99.5098561458469,0.00182891069840452,0.999988453109086,0.00793150047777469,0.999999861180693,0,0,NA
"Pantr1",0.163956571572058,1,3.97351911843555,0,3.68862134756206,1,0.481408734795598,1,2.89830508474576,0,Inf,3.32203389830508,0,Inf,92.5669568022245,0.0649977525213427,0.999999068708896,0.10624632623681,0.999999861180693,0,0,NA
"Epha4",0.0139450053390441,0.748910142733506,5.20822190627071,1.92020046235975,3.81941076373818,17628.0340974249,0.42307999265708,0.999891083072031,4.71186440677966,0.285714285714286,16.4915254237288,5.13559322033898,0.482142857142857,10.6516007532957,91.4540886048046,1.24720573591031e-06,5.63278514841281e-05,2.40937471709945e-05,0.000427488158584901,0,0,NA
"Eva1a",0.108706159162186,0.95999049891711,3.21376259163697,2.2316119979075,23.5025400321312,10002.757568401,0.879707808490766,0.999776950083836,2.38983050847458,0.0535714285714286,44.6101694915254,2.86440677966102,0.0892857142857143,32.0813559322034,91.3724364369074,0.0962381986299059,0.0662710274864449,0.145039838360674,0.208344756353963,0,0,NA
"Robo2",0.685104350513055,0.029030410008485,1.50709056930923,4.9104166136226,9.66946210971303,6.6558507573426,0.865156044749116,0.57545364843033,0.305084745762712,3.66071428571429,0.0833402232327408,0.474576271186441,4.76785714285714,0.0995365962038977,88.5604781272496,0.0347054858968076,3.5604940651357e-07,0.064867474811516,6.05283991073069e-06,0,0,NA
"Papss2",0.182534388936873,0.977589252421494,3.77354381759559,1.59362454940461,65.340442920936,17664.4456822982,0.94540115545828,0.999909791633443,2.72881355932203,0.0178571428571429,152.813559322034,3.08474576271186,0.0357142857142857,86.3728813559322,87.916259768417,0.0193344891796656,0.521545483731729,0.043021769117057,0.862477940023287,0,0,NA
"Tril",0.126766709928763,0,1.59159133418557,7.32142857142857,0.428004277600827,5.41089547390412,0.211925731618244,0.424973119961363,1.10169491525424,5.92857142857143,0.185828057994691,1.38983050847458,7.32142857142857,0.189830508474576,85.6768657350728,0.370938393587743,9.72486470240952e-08,0.408416625064224,1.96812738024955e-06,0,0,NA
"Arl4c",0.0865580258762624,0.87197231306923,4.17493333793875,1.81322398320228,7.86286916714021,15716.6954844218,0.65318143937174,0.999884644019554,3.35593220338983,0.125,26.8474576271186,3.8135593220339,0.232142857142857,16.4276401564537,85.3816324888399,0.00140877157617936,0.000820676980689439,0.00641479203155929,0.00458931206306594,0,0,NA
"Clec18a",0.162448482185189,0.955178537224486,4.45204067593773,1.5936242269606,4.11912613814214,10501.3273580076,0.480579392221797,0.999848268474108,3.33898305084746,0.0357142857142857,93.4915254237288,3.72881355932203,0.0714285714285714,52.2033898305085,83.1410683745588,0.119806588936056,0.212906352839999,0.164782525235676,0.464026666446151,0,0,NA
"Epcam",0.132706058213165,0.899777274306749,5.84322362766689,1.24721888659696,2.07911359342339,18499.2496729289,0.262436896511868,0.999932584573599,4.55932203389831,0.0714285714285714,63.8305084745763,5.06779661016949,0.125,40.5423728813559,81.4331854686109,0.127843680614706,0.0132783945207824,0.175269562133064,0.0544423102289756,0,0,NA
"Rab3ip",0.101987431669176,0.610218523263035,6.51155441236689,1.7409021955594,4.37191105540427,19382.1858082425,0.401702111184224,0.99991018836268,5.42372881355932,0.375,14.4632768361582,5.84745762711864,0.678571428571429,8.61730597680642,76.9091648901708,0.00130860213936113,1.33031565763275e-08,0.00611160339811515,2.84780028170228e-07,1.11022302462516e-16,6.25553249047416e-15,NA
"Crym",0.699019130222862,0.143314630994147,1.12626120696962,4.89844783366944,16095.1490388404,8.82771855800968,0.999930029700289,0.643130667814219,0.254237288135593,3.25,0.0782268578878748,0.338983050847458,4.19642857142857,0.0807789397764154,76.0802132227483,0.0272283250207483,2.6157643723268e-06,0.056174942397175,3.12888602484802e-05,2.22044604925031e-16,1.20940294815834e-14,NA
"Dkk1",0.039756724053578,0.955178537224486,6.17781293839059,1.5936242269606,0.629660848873001,10501.3273580076,0.0924955230897932,0.999848268474108,5.72881355932203,0.0357142857142857,160.406779661017,5.93220338983051,0.0714285714285714,83.0508474576271,74.4905248734797,0.00496433545301178,0.145613654080626,0.0167447822819842,0.364034135201565,4.44089209850063e-16,2.26763052779688e-14,NA
"Nppc",0.175466233840733,1,6.96849778504987,0,0.735279637787124,1,0.0954440396483249,1,5.67796610169492,0,Inf,5.74576271186441,0,Inf,74.4504353206025,0.578328532449248,0.999998095045238,0.602425554634633,0.999999861180693,4.44089209850063e-16,2.26763052779688e-14,NA
"Traf1",0.963956278214144,0.189895331791636,2.82144450820054,2.60107431385551,12695.8407280705,18374.9281035234,0.999777815610034,0.999858464416588,0.0847457627118644,1.375,0.061633281972265,0.101694915254237,2.10714285714286,0.048261993679977,72.6050908612886,1.55066875985321e-05,0.150544528781345,0.00018829549226789,0.371985027512045,1.22124532708767e-15,6.04701474079169e-14,NA
"Hs3st3b1",0.170343608493755,1,2.18591555875879,0,2.64494618827112,1,0.547510222145619,1,1.47457627118644,0,Inf,1.8135593220339,0,Inf,71.7427943612834,0.493863602489586,0.999998579098304,0.528695292337718,0.999999861180693,1.77635683940025e-15,8.53696198700003e-14,NA
"Hoxb8",0.044321832283321,0.479876285383856,5.32056287808827,2.23161185016568,38.883865234686,12731.7734943534,0.879637332610333,0.999824751770433,4.57627118644068,0.714285714285714,6.40677966101695,5.08474576271186,1.16071428571429,4.38070404172099,70.7956538406589,1.76274617091909e-06,9.32215415971882e-11,2.91862032195112e-05,2.64127701192033e-09,2.88657986402541e-15,1.34762042794786e-13,NA
"Bmp2",0.189623553984471,0.932767804815503,4.81048646362479,1.59362426127945,2.15681584811358,17359.7333913588,0.309562546823872,0.99990820838408,3.50847457627119,0.0535714285714286,65.4915254237288,3.89830508474576,0.107142857142857,36.3841807909604,70.1006447623178,0.0336143818805691,0.0894040849626839,0.0632128862798313,0.259730129969921,4.10782519111308e-15,1.8644962117441e-13,NA
"Prnp",0.112373789857506,0.977589252421494,4.73554106544223,1.59362454940461,0.781509616970999,17664.4456822982,0.141653514161511,0.999909791633443,3.88135593220339,0.0178571428571429,217.35593220339,4.20338983050847,0.0357142857142857,117.694915254237,69.9782795651425,0.029312059718152,0.442397120260557,0.0584865041324629,0.79276252991235,4.32986979603811e-15,1.91216412073683e-13,NA
"Sox9",0.208205883594309,0.887946338822034,5.62978050272576,1.59362424455655,3.3528503488389,10120.585122111,0.373259282747312,0.999842561143753,4.15254237288136,0.0892857142857143,46.5084745762712,4.45762711864407,0.178571428571429,24.9627118644068,69.1692976571542,0.0233879445078834,0.0065305098987789,0.0496993820792522,0.0296661153635841,6.43929354282591e-15,2.76889622341514e-13,NA
"Irx3",0.328035402727562,1,3.63215402642977,0,12.2740587354052,1,0.771651864537818,1,2.15254237288136,0,Inf,2.4406779661017,0,Inf,69.1088785615935,0.101831724042648,0.999999178497997,0.149236147303881,0.999999861180693,6.66133814775094e-15,2.79092988036539e-13,NA
"Mecom",0.295463878304931,0.977589252421494,4.61897867934427,1.59362454940461,5.03609766312169,17664.4456822982,0.521601019452472,0.999909791633443,2.88135593220339,0.0178571428571429,161.35593220339,3.25423728813559,0.0357142857142857,91.1186440677966,67.3350714723587,0.143032786955019,0.427767928112422,0.186821066879849,0.774255137391837,1.58761892521397e-14,6.48542330949908e-13,NA
"Hnf1b",0.213802016927188,0.938720707143103,2.54388665904366,0.874217616744869,15.7919893009492,12623.6650009799,0.861261787296436,0.999930752512895,1.66101694915254,0.0357142857142857,46.5084745762712,2,0.0535714285714286,37.3333333333333,66.9002736074197,0.15743591235849,0.369985785756559,0.201536936001079,0.701981959582758,1.96509475358653e-14,7.83162153014728e-13,NA
"Pou3f3",0.349554073519559,1,4.61222188321872,0,5.36214152084872,1,0.537592355885298,1,2.71186440677966,0,Inf,3,0,Inf,66.5442621268558,0.148433378598976,0.999999705289043,0.192329835074892,0.999999861180693,2.34257058195908e-14,9.11371507362175e-13,NA
"Map3k6",0.282510063949583,1,3.16546100040884,0,2.00669427381699,1,0.387980284315295,1,1.93220338983051,0,Inf,2.27118644067797,0,Inf,64.0449443856239,0.718339095487581,0.999998505151163,0.733880085534188,0.999999861180693,8.02691246803988e-14,2.9809034029039e-12,NA
"Dll1",0.322946004585305,1,4.83149952415184,0,1.74433777314983,1,0.265264740334376,1,2.94915254237288,0,Inf,3.27118644067797,0,Inf,64.0449443856178,0.131717196788282,0.999996043560156,0.178357394548432,0.999999861180693,8.02691246803988e-14,2.9809034029039e-12,NA
"Rmst",0.139161727736122,0.818418659993775,5.59171151705691,2.16353269803967,1.88212941236608,17871.2778850117,0.25182893643836,0.999878952651172,4.52542372881356,0.232142857142857,19.4941329856584,4.8135593220339,0.392857142857143,12.2526964560863,62.8587339165533,0.00414040419481398,0.00194357342277141,0.0150399297674867,0.0103252338084731,1.43995926293883e-13,5.22865207920454e-12,NA
"Tubb2b",1.30697035846303e-09,0.439206558716126,7.47457627171121,3.31163442589466,3.16598312753602,5.27014392483396,0.297539162063227,0.614108604236616,6.93220338983051,1.32142857142857,5.24599175446633,7.47457627118644,1.85714285714286,4.02477183833116,61.0630710075794,0.00215226695012383,2.35096220468911e-06,0.00896777895884928,3.09159700395689e-05,3.48387985127374e-13,1.23753471238724e-11,NA
"Cenpa",0.164976377175157,0.663839024612229,6.84036703754746,1.59362425997102,1.66276847579396,14228.8566865858,0.195547686284086,0.99988801308285,5.38983050847458,0.285714285714286,18.864406779661,5.71186440677966,0.535714285714286,10.6621468926554,60.3609191248229,0.0028760786355454,5.93598177167642e-07,0.0112140680743743,9.52602851394884e-06,4.92161866816332e-13,1.68295979004659e-11,NA
"Fam213a",0.368879374858054,0.0555217635493449,1.63819444779808,4.08388754500573,10362.0974300414,13782.5747651298,0.999841930119876,0.99970377974476,0.745762711864407,2.92857142857143,0.254650682100041,1.03389830508475,3.85714285714286,0.268047708725675,60.3520306885498,4.74159467245272e-09,6.45705711121991e-13,2.51897216974051e-07,3.43031159033558e-11,4.94382312865582e-13,1.68295979004659e-11,NA
"Mfap4",0.772613060730755,0.126932322216588,1.71439271642104,3.25207977047698,13679.6131958166,18486.6242067399,0.999874691055723,0.999824115655503,0.254237288135593,1.96428571428571,0.129429892141757,0.389830508474576,2.83928571428571,0.137298795437587,59.9138817878539,9.13625422048758e-05,5.57088194241828e-06,0.000719057045130967,5.77469469640919e-05,6.13287198802936e-13,2.04512506702857e-11,NA
"Cldn6",0.226447639634964,0.955178537224486,3.50572879665102,1.5936242269606,1.75751265585605,10501.3273580076,0.333922103273238,0.999848268474108,2.32203389830508,0.0357142857142857,65.0169491525424,2.71186440677966,0.0714285714285714,37.9661016949153,59.2375376502083,0.00784441356173904,0.326845170116611,0.0223750051257657,0.645347084819852,8.55315818171221e-13,2.79517209378355e-11,NA
"Ube2c",0.080645115166811,0.488276339575918,10.8034459531891,2.05886792289786,0.660068506105908,10384.1436249129,0.0575799427348129,0.999801768940638,9.67796610169492,0.607142857142857,15.9401794616152,9.93220338983051,1.05357142857143,9.42717609882218,59.1425200060718,0.00113451110131457,6.10288486413424e-11,0.00563647447704222,1.85266147661218e-09,8.96283047779889e-13,2.81883917916905e-11,NA
"Fdps",1.72206569609319e-09,0.47763143277777,5.45762712187188,2.56387124104384,2.28033846660899,13909.7277261475,0.294694831675605,0.99981571179535,4.94915254237288,0.875,5.65617433414044,5.45762711864407,1.33928571428571,4.07502824858757,59.140543847534,2.48060666571126e-05,2.43105677999456e-06,0.000257136056811533,3.09159700395689e-05,8.97060203897126e-13,2.81883917916905e-11,NA
"Oxtr",0.371305894133868,1,2.3993776399676,0,13.1677307865035,1,0.84586876546144,1,1.16949152542373,0,Inf,1.50847457627119,0,Inf,56.9040345684537,0.659212352751291,0.999999383161358,0.675096987757347,0.999999861180693,2.69395616925294e-12,8.22797139063722e-11,NA
"Cxcl14",0.196750935815433,0.977589252421494,3.69263003090582,1.59362454940461,0.851090951840427,17664.4456822982,0.187311446955535,0.999909791633443,2.64406779661017,0.0178571428571429,148.067796610169,2.96610169491525,0.0357142857142857,83.0508474576271,56.8851337954733,0.0718827672898077,0.511373847222713,0.115283683389314,0.853602902014197,2.71915823191193e-12,8.22797139063722e-11,NA
"Top2a",0.274306997037216,0.265056533769317,10.8137346523705,3.57170331353207,2.25305968490094,11076.9938188593,0.172426352381959,0.999677660557452,7.57627118644068,1.89285714285714,4.00255836264791,7.84745762711864,2.625,2.98950766747377,56.3428440903647,2.05206497794208e-05,5.82756065625745e-13,0.000218031903906346,3.43031159033558e-11,3.54960505433155e-12,1.05455539250505e-10,NA
"Gja1",0.104146242578257,0.756790714747565,3.67039337509454,2.12926557742679,4.08103625995257,14550.4951569534,0.526488203092328,0.999853685114409,2.83050847457627,0.303571428571429,9.32402791625125,3.28813559322034,0.517857142857143,6.34950321449445,55.1815161607973,0.000543494077703044,0.00071903970938858,0.00320812476421936,0.00418619008890612,6.28042062800205e-12,1.83253701895631e-10,NA
"Plet1",0.371896684167851,1,3.04926668143969,0,2.49218686248116,1,0.449735226096981,1,1.66101694915254,0,Inf,1.91525423728814,0,Inf,54.6326210129766,0.422417632607722,0.999999806149906,0.455653537711375,0.999999861180693,8.22408807721331e-12,2.31704923447163e-10,NA
"Crb3",0.392397841690354,1,2.23161185172012,0,13702.0012050891,1,0.999837158936109,1,1.11864406779661,0,Inf,1.35593220338983,0,Inf,54.6324994418151,0.00811748101225118,0.953760182040294,0.0225485583673644,0.999999861180693,8.22453216642316e-12,2.31704923447163e-10,NA
"Meox1",0.884295059313881,0.248708867804481,1.31837393165456,2.82846416805002,17679.9818396182,17.0511870886458,0.999925436822194,0.857720634455429,0.0847457627118644,1.41071428571429,0.0600729457198026,0.152542372881356,2.125,0.0717846460618146,53.6113437980607,0.0462154051300335,0.164776042762501,0.0821822057751642,0.388077347153419,1.35799149703075e-11,3.76094594262415e-10,NA
"Hmcn1",0.899559217276484,0.221956964463905,1.85622485027162,2.50169781713889,12096.8152329483,17005.2025612073,0.999846576142121,0.999852907965764,0.135593220338983,1.25,0.108474576271186,0.186440677966102,1.94642857142857,0.0957860363862541,53.3542796149707,8.7472402499067e-06,0.046694869255977,0.000116174284569073,0.155041558076486,1.54067869573282e-11,4.19578164804572e-10,NA
"Osr1",1,0.437869477527163,0,2.54135223330586,1,10470.1551175357,1,0.99975733544454,0,0.928571428571429,0,0,1.42857142857143,0,52.3220153769271,0.0986232150626277,0.919274005728388,0.146579874150945,0.999999861180693,2.55726551046109e-11,6.85011777720234e-10,NA
"Fgf8",0.1155724578555,0.640635545538235,8.87292336387756,3.18021753849148,1.76958911034733,3.41954106945852,0.166275502578278,0.518131233669573,7.3728813559322,0.803571428571429,9.17514124293785,7.84745762711864,1.14285714285714,6.86652542372881,51.1709310153396,0.0211638465943236,0.000284434099127817,0.0458909938907527,0.00177771311954886,4.4985903890904e-11,1.18559624125382e-09,NA
"Il33",1,0.457739480649802,0,3.91878043893885,1,3.17291652548711,1,0.447412874718617,0,1.60714285714286,0,0,2.125,0,50.0304400851343,0.353553755475497,0.999999305001282,0.391302984575745,0.999999861180693,7.87080400854734e-11,2.04141170634387e-09,NA
"Elavl4",0.709773196346461,0.293099450955246,0.525597122263957,2.72820756853034,15665.7002876947,17783.6844877318,0.999966450303594,0.999846612826585,0.11864406779661,1.26785714285714,0.0935784196705658,0.152542372881356,1.92857142857143,0.0790960451977401,49.75510624577,0.00100443016474194,0.00140344048369034,0.00514316650620874,0.00755015450086577,9.00853835972271e-11,2.2999924499667e-09,NA
"Gprc5a",0.380686360823475,0.977589252421494,3.14727848948265,1.59362454940461,4.09178882589922,17664.4456822982,0.565237018476789,0.999909791633443,1.69491525423729,0.0178571428571429,94.9152542372881,1.94915254237288,0.0357142857142857,54.5762711864407,49.4910019054812,0.278056861998126,0.65654353943129,0.328976878258009,0.976376284334677,1.0253975446517e-10,2.57769167378596e-09,NA
"Ccdc182",0.362565988891071,0.955178537224486,3.37688655947495,1.5936242269606,5.8800884399806,10501.3273580076,0.635206256938842,0.999848268474108,1.86440677966102,0.0357142857142857,52.2033898305085,2.15254237288136,0.0714285714285714,30.135593220339,49.3475651949182,0.174094269844981,0.396001747742401,0.218259777829253,0.738161152590002,1.10010223153267e-10,2.72128930666475e-09,NA
"Lamb1",0.152588941238716,0.748910142733506,3.22017430769508,1.92020046235975,14099.6546929266,17628.0340974249,0.999771665398863,0.999891083072031,2.30508474576271,0.267857142857143,8.60564971751412,2.72881355932203,0.482142857142857,5.65976145637163,49.3186114260365,0.00078637619050137,1.27188688787694e-05,0.00428474206362926,0.000115011048371851,1.11582854067649e-10,2.72128930666475e-09,NA
"Smc4",0.165515247588959,0.106201920595843,6.51980517182832,2.79705232935602,3.51135588409255,10266.3515796463,0.350044811813681,0.999727625684505,5.08474576271186,1.67857142857143,3.02921024161558,5.44067796610169,2.5,2.17627118644068,48.6205224501388,1.10454426716089e-08,2.95780067105511e-11,5.21590348381531e-07,9.66973296306479e-10,1.57111990084502e-10,3.77530870291288e-09,NA
"Ccnb2",0.217427671561938,0.805109263319482,3.72522023893578,1.74090219088278,4.26880407726514,19444.4166282836,0.533999386093167,0.999910475774551,2.57627118644068,0.178571428571429,14.4271186440678,2.91525423728814,0.339285714285714,8.59232827832293,48.5332021109077,0.00671097512858199,0.0142501298714811,0.020519168558614,0.0576790970988521,1.63981717093975e-10,3.88327718451529e-09,NA
"Cdh11",0.621626566667678,0.192845639301548,1.43343278821512,3.62827127723943,19555.4342209008,14177.7792065073,0.999926704377531,0.999744152949351,0.355932203389831,2.08928571428571,0.170360712733594,0.542372881355932,2.92857142857143,0.185200496072757,48.121977753123,0.00287048286074565,0.000110190836537294,0.0112140680743743,0.000743350881402379,2.00593208710131e-10,4.68241861474792e-09,NA
"Tubb4b",0.0972741110346575,0.408457790103432,5.31347360724241,2.08293314636357,1.332032097359,11922.4343142317,0.20044104340121,0.999825323482439,4.47457627118644,0.732142857142857,6.11161637040099,4.79661016949153,1.23214285714286,3.89290100712356,46.4020934156981,0.00253255299585597,1.34014130903637e-08,0.0101541039928188,2.84780028170228e-07,4.65796623494441e-10,1.0719882856196e-08,NA
"Prss23",0.41018872109278,0.955178537224486,3.27596874300524,1.5936242269606,14.9659879217545,10501.3273580076,0.820415715089717,0.999848268474108,1.67796610169492,0.0357142857142857,46.9830508474576,1.93220338983051,0.0714285714285714,27.0508474576271,44.782268232812,0.0322797015958127,0.429369947528883,0.0622068648263551,0.774255137391837,1.02929365031201e-09,2.33592475640254e-08,NA
"Defb25",0.160004507266757,0.610218523263035,5.20583951322422,1.7409021955594,1.2144043217858,19382.1858082425,0.189152367572642,0.99991018836268,4.10169491525424,0.375,10.9378531073446,4.3728813559322,0.678571428571429,6.44424620874219,44.1781370102373,0.0019199396313706,4.84902011288479e-06,0.00824216508416674,5.16676520943837e-05,1.38324718346183e-09,3.09619985996799e-08,NA
"E330013P04Rik",0.450566860170979,1,1.78920726785574,0,14454.1175105442,1,0.99987623002121,1,0.76271186440678,0,Inf,0.983050847457627,0,Inf,43.9807358315501,0.113589569797082,0.980126871893144,0.159852871403179,0.999999861180693,1.52346979476192e-09,3.3639860062716e-08,NA
"Cdca3",0.30233786973451,0.818418673864408,4.95602257824148,2.16353274100261,5.70680137843603,11345.3122870161,0.535205439161564,0.999809337973011,3.16949152542373,0.232142857142857,13.6531942633638,3.45762711864407,0.392857142857143,8.80123266563945,43.6904808653114,0.00575511028583242,0.00575675729022251,0.019108764620928,0.0265937157428757,1.75584258244044e-09,3.8253957062769e-08,NA
"Siglecg",2.45932928663523e-13,0.482874733160574,0.0169491514263656,2.69346512273693,12488.0555038273,11892.4458631645,0.999998642772815,0.99977356590382,0.0169491525423729,0.892857142857143,0.0189830508474576,0.0169491525423729,1.39285714285714,0.0121686223381139,43.1279570939466,0.533790414724639,0.20190845816834,0.564330662333262,0.449272747233218,2.31176444653869e-09,4.97029356005818e-08,NA
"Cdc20",0.255656246385478,0.849715366262648,3.39281912862561,1.78233328328745,2.67028797480635,17278.112628524,0.440415768557818,0.999896855085796,2.22033898305085,0.142857142857143,15.5423728813559,2.52542372881356,0.267857142857143,9.42824858757062,42.920143252539,0.00219377553005862,0.05265355319236,0.00905198641043604,0.171907802169534,2.55897814049888e-09,5.38956352908616e-08,NA
"Pcbd1",0.0198431433136006,0.411394695512033,4.3749499499617,2.82143937929384,70.5889565099867,11951.4696004565,0.941639248052006,0.999763981036609,3.71186440677966,1.10714285714286,3.3526517222526,4.28813559322034,1.66071428571429,2.58210315290687,42.9091706591679,1.52515136075948e-08,0.000442713982916398,5.40157773602316e-07,0.00261324226027041,2.57274146431286e-09,5.38956352908616e-08,NA
"Acer2",0.339051976554832,0.962025461864122,1.71812758404747,2.82143936400313,14100.2566751373,10628.8886203941,0.999878164043825,0.99973462036228,0.864406779661017,0.0714285714285714,12.1016949152542,1.13559322033898,0.107142857142857,10.5988700564972,41.9379667044612,0.0213482211053148,0.454974693773528,0.046006854258615,0.795737633143001,4.13559819723019e-09,8.55388285351157e-08,NA
"Cdk1",0.223643341206315,0.365070558082468,5.1304401309437,1.8562236147928,2.50753123404115,12371.4134994313,0.328298066884168,0.999849981156449,3.67796610169492,0.660714285714286,5.56665139715987,3.98305084745763,1.17857142857143,3.37955829481253,41.6667714066465,0.011675491227499,9.17481746132154e-09,0.0300732349799217,2.16627634503425e-07,4.72152061892217e-09,9.64370586414853e-08,NA
"S100a16",0.092528349109092,0.615656693475628,4.09033641759243,2.64830198107914,5.42286106683757,11153.2366956999,0.570035582222804,0.999762609422594,3.27118644067797,0.660714285714286,4.95098488318827,3.71186440677966,1.01785714285714,3.64674397859054,41.6038617391324,6.28776089228733e-06,0.0149384294603984,8.90766126407372e-05,0.0592908043694418,4.86888118711448e-09,9.82191587622847e-08,NA
"Uncx",0.0312935959134688,0.034213248768585,15.4145816164386,8.17246395584212,3.51556431107455,14.3311754078087,0.185712478104303,0.636838120991098,14.3050847457627,6.39285714285714,2.23766688760534,14.9322033898305,7.89285714285714,1.8918628729197,40.9284942792292,0.309501408543958,1.29748123356421e-09,0.357564693999415,3.44643452665494e-08,6.77158440431924e-09,1.34936206300703e-07,NA
"Mt1",0.217009611489166,0.898376547123432,3.93970166383767,2.10862835380985,0.793699702655575,16157.8543679718,0.167680625664666,0.999869515273377,2.72881355932203,0.125,21.8305084745763,3.08474576271186,0.214285714285714,14.3954802259887,40.6232933201202,0.0196158108110015,0.0655543763059659,0.0434204145556023,0.207914999477877,7.85982590123524e-09,1.54734403886968e-07,NA
"Fam64a",0.29416479861965,0.932767804815503,2.35326443331985,1.59362426127945,2.0719979241738,17359.7333913588,0.468220357752376,0.99990820838408,1.44067796610169,0.0535714285714286,26.8926553672316,1.66101694915254,0.107142857142857,15.5028248587571,40.4211699805438,0.0740569896560237,0.400801551901462,0.117004537560632,0.743845674926294,8.67501426249362e-09,1.68749682201364e-07,NA
"Car4",0.502236068640269,1,2.62189507896924,0,3.13651667568408,1,0.544684334729883,1,1.08474576271186,0,Inf,1.30508474576271,0,Inf,40.011746157223,0.406626455493875,0.999999861180693,0.439735988765641,0.999999861180693,1.05941783123953e-08,2.03657498381811e-07,NA
"Lrp4",0.221240750593595,0.792942258620503,4.24403915591216,1.98357368836519,1.55143511946846,11861.9592055095,0.267697697504933,0.999832806536134,2.93220338983051,0.25,11.728813559322,3.30508474576271,0.410714285714286,8.04716285924834,39.8347593709659,0.0135323747045044,0.0106943499619579,0.0332442731180022,0.0450009775626943,1.15499940722685e-08,2.19449887373102e-07,NA
"Tnfaip6",0.344883732520162,0.916303359367223,2.58719722521626,1.92019991432686,12.9904160140602,10284.5978331122,0.833915684933487,0.999813328484123,1.42372881355932,0.0892857142857143,15.9457627118644,1.69491525423729,0.160714285714286,10.5461393596987,39.6670282746317,0.0203283664565173,0.634421090004761,0.0445337924949476,0.961717809344839,1.25351862223511e-08,2.35430968819789e-07,NA
"Anxa5",0.214583329768339,0.759942896130274,3.45277160710268,2.23161188249544,10.52292253091,17702.4345297375,0.752944535490981,0.999873953461497,2.35593220338983,0.339285714285714,6.94380017841213,2.71186440677966,0.535714285714286,5.06214689265537,39.3358234034027,0.000993881765262605,0.0787386430284195,0.00514316650620874,0.234013449559988,1.4733847031323e-08,2.73580750558883e-07,NA
"Gadd45g",0.2577364876952,0.814860679113433,4.93224096829221,2.02550182105327,1.09044427213698,13320.497456508,0.181056161596662,0.999847964096036,3.28813559322034,0.214285714285714,15.3446327683616,3.66101694915254,0.375,9.76271186440678,39.0301685493445,0.00430977254417553,0.00310638017061637,0.0152500091017111,0.0157168044346662,1.71031000473221e-08,3.14005230082295e-07,NA
"Cdca8",0.245346291390926,0.603821812546805,4.28976673137211,1.6677199919098,3.79421856325478,13083.196019414,0.469350008068007,0.999872545864816,2.91525423728814,0.357142857142857,8.16271186440678,3.23728813559322,0.660714285714286,4.89967934035731,38.3682394937481,0.000704757562534408,3.81642093256751e-05,0.00402948210961348,0.000311919018527152,2.36197424952067e-08,4.28829547079642e-07,NA
"Rspo1",0.545611904041704,0.148472817017701,1.52934299668026,3.27143274881085,12348.1253541326,11.4225147369063,0.999876163096525,0.777361886450816,0.508474576271186,1.94642857142857,0.261234644689784,0.694915254237288,2.78571428571429,0.249456757931334,38.1571445051217,0.026081064646247,5.51199061155083e-05,0.054603214160862,0.000425926547256201,2.61802654000221e-08,4.67736084091394e-07,NA
"Birc5",0.195061264594211,0.48734366191885,6.12742698391209,2.82143907710126,3.29208076195559,16900.5256844191,0.34949605125595,0.999833084000672,4.57627118644068,0.982142857142857,4.65947611710324,4.93220338983051,1.44642857142857,3.40991839296924,38.1450414799119,0.00030892511180014,1.39254771069908e-06,0.00198929049265242,1.90913799047454e-05,2.63352017970675e-08,4.67736084091394e-07,NA
"Tspan13",0.101165148451631,0.628787879342769,3.26222707919357,2.45335906318808,20571.6073198768,10338.2366363542,0.999841446038248,0.999762747063854,2.50847457627119,0.589285714285714,4.2568053415511,2.93220338983051,0.910714285714286,3.21967431040213,38.074296425834,7.05330737197363e-05,3.34157909565036e-07,0.000587775614331136,5.91737964854751e-06,2.72593373429331e-08,4.78943626003792e-07,NA
"Knstrn",0.295381046446996,0.849715366262648,2.79030515183552,1.78233328328745,9.75972236775298,17278.112628524,0.77766541567496,0.999896855085796,1.66101694915254,0.142857142857143,11.6271186440678,1.96610169491525,0.267857142857143,7.34011299435028,37.657171344407,0.00934582879110546,0.251890226636266,0.025139096431771,0.527356385814844,3.34055088035967e-08,5.76671096119696e-07,NA
"Nbl1",0.941836822089159,0.398861082838966,0.874221003813324,1.7823310692612,14493.8997254545,11337.7988633006,0.999939687158486,0.999842822143189,0.0508474576271186,0.589285714285714,0.086286594761171,0.0508474576271186,1.07142857142857,0.0474576271186441,37.6496989273259,0.131534287456659,0.387052422775818,0.178357394548432,0.727864069379304,3.35273893092847e-08,5.76671096119696e-07,NA
"Cenpe",0.280162208301343,0.70866048160467,3.88505657645372,1.59362423945297,4.78681197775731,14391.0504526982,0.551993142865715,0.999889275088654,2.50847457627119,0.25,10.0338983050847,2.79661016949153,0.464285714285714,6.02346805736636,37.482589238025,0.00608594584875033,0.00111283166589837,0.0195949014069613,0.00614225270138712,3.63721449625487e-08,6.19084217383381e-07,NA
"Npy",0.490416216307461,0.977589252421494,3.65868545059801,1.59362454940461,2.59725080139635,17664.4456822982,0.415165803610669,0.999909791633443,1.6271186440678,0.0178571428571429,91.1186440677966,1.86440677966102,0.0357142857142857,52.2033898305085,37.4017188033016,0.333442786904939,0.565903303770571,0.375897040940581,0.911018576145806,3.78341463713738e-08,6.37329847121906e-07,NA
"Lockd",0.278181305392387,0.789545592482466,3.19343990134727,1.44245673994291,3.27095131294693,11129.5540494059,0.505995259957988,0.999870410817293,2,0.160714285714286,12.4444444444444,2.30508474576271,0.303571428571429,7.59322033898305,37.2533684036597,0.0137462422886647,0.0194030388034436,0.0335001786716531,0.0742909143375094,4.06703313249324e-08,6.78115524336117e-07,NA
"Hoxb7",0.145377220157487,0.5680084111611,3.58965003714296,2.02550239507607,293.220628935313,11942.2345669735,0.987905910639045,0.999830420437657,2.64406779661017,0.517857142857143,5.10578609000584,3.06779661016949,0.875,3.50605326876513,36.8630745959421,3.32686614701316e-07,2.28300837235018e-07,8.31716536753291e-06,4.41035708294921e-06,4.91876851471673e-08,8.11845227580519e-07,NA
"Phactr1",0.904873218368801,0.386724336279791,1.24721641165615,2.32941157320122,18518.3783016594,12001.4481581714,0.999932654339558,0.99980594345741,0.0847457627118644,0.892857142857143,0.0949152542372881,0.11864406779661,1.42857142857143,0.0830508474576271,36.7291157032244,0.00421106661968595,0.317434856452308,0.01508575720349,0.63337940841423,5.25042511689833e-08,8.57919464101187e-07,NA
"Vmp1",0.120687123264144,0.587889936990981,2.89131788604909,1.73324250069811,12013.4639612943,17248.717451782,0.999759384786911,0.999899524799009,2.10169491525424,0.392857142857143,5.3497688751926,2.54237288135593,0.714285714285714,3.5593220338983,36.4136654674003,1.12286007615259e-05,8.29109364830494e-07,0.000140357509519073,1.21507406914814e-05,6.12231216834402e-08,9.90480998324172e-07,NA
"Slc1a3",0.621063356508734,0.371398372986173,0.984020272967793,3.52255844214412,10829.0867401702,40.3987539061154,0.999909139995967,0.919798424641478,0.254237288135593,1.57142857142857,0.161787365177196,0.372881355932203,2.21428571428571,0.168398031711318,36.0130998092537,0.000725433081261828,6.00692663811353e-05,0.00405669815179312,0.000440162727792802,7.44077293113321e-08,1.19198264406585e-06,NA
"Nnat",0.0918163384234028,0.503425376886113,4.38573277718946,2.73300756265945,8.31229207640369,10051.769357126,0.654612994717172,0.99972818072307,3.49152542372881,0.910714285714286,3.83383183781987,3.98305084745763,1.35714285714286,2.93487957181088,35.4901549160854,4.05698581851244e-06,8.45318617681556e-06,6.38599619580661e-05,7.81000896771003e-05,9.59758849061743e-08,1.52256889258921e-06,NA
"Dusp6",0.139468241966325,0.691434674426794,2.59988672891914,2.02550241585411,18121.9205322921,11692.959959516,0.999856554178052,0.999826805905621,1.79661016949153,0.357142857142857,5.03050847457627,2.23728813559322,0.625,3.57966101694915,35.3437799739362,8.30427277831447e-07,0.0204283184573506,1.6806266337065e-05,0.0768321711891505,1.03061492451317e-07,1.61925460255243e-06,NA
"Car12",1,0.578402590910567,0,2.20250601120481,1,16170.1618378968,1,0.999863810512528,0,0.571428571428571,0,0,0.928571428571429,0,35.2300616762766,0.0214337815134253,0.944170528447567,0.046006854258615,0.999999861180693,1.08924830488633e-07,1.69507783827072e-06,NA
"Fn1",0.347801560074737,0.916303359367223,1.94907924393835,1.92019991432686,10102.7000099664,10284.5978331122,0.999807110645137,0.999813328484123,0.966101694915254,0.0892857142857143,10.8203389830508,1.27118644067797,0.160714285714286,7.90960451977401,34.7014770771347,0.0145431358486369,0.639747034659302,0.0349199589585913,0.964157765000722,1.40863422148918e-07,2.17142294142766e-06,NA
"Lhfp",0.884295059313881,0.405358489845928,1.31837393165456,2.67267864421108,17679.9818396182,10910.2455851682,0.999925436822194,0.999755090381912,0.0847457627118644,1.03571428571429,0.0818234950321449,0.152542372881356,1.58928571428571,0.0959817177680442,34.5790942835324,0.0128343369168854,0.107621912868976,0.0320725568464525,0.293200724162276,1.49502004664903e-07,2.28304930488273e-06,NA
"Tmem100",0.84950957872268,0.466856322134483,1.12626122055549,3.75133398912325,11714.1487191761,32.7883120656946,0.999903863868117,0.897335240097964,0.135593220338983,1.46428571428571,0.0926002480363787,0.169491525423729,2,0.0847457627118644,34.3900101849633,0.304892554895347,0.00903787973594161,0.35598718634759,0.0391948866099509,1.63900072291945e-07,2.47974739004665e-06,NA
"Lfng",0.371016933856231,0.887946338822034,2.80247919872438,1.59362424455655,4.72570434705891,10120.585122111,0.627735006501785,0.999842561143753,1.44067796610169,0.0892857142857143,16.135593220339,1.76271186440678,0.178571428571429,9.87118644067797,34.2963044110986,0.0179244234561881,0.220666153967326,0.0411777295615131,0.476056423533572,1.71540401106007e-07,2.57153225144235e-06,NA
"Nrarp",0.40061294522501,0.95999049891711,2.3470298171507,2.2316119979075,2.07095408978443,10002.757568401,0.468755462538818,0.999776950083836,1.15254237288136,0.0535714285714286,21.5141242937853,1.40677966101695,0.0892857142857143,15.7559322033898,34.0824388711193,0.134426587482497,0.616963655265483,0.178357394548432,0.950034614086341,1.90336310157413e-07,2.82735937088375e-06,NA
"Cenpf",0.290122621640397,0.532343274765297,6.39881301440131,2.48197305448411,1.72908783477816,12609.2917982122,0.212734858220215,0.999803201904863,4.28813559322034,0.75,5.71751412429379,4.54237288135593,1.16071428571429,3.91342894393742,33.8785456004775,0.00721587455258432,1.03795966510667e-06,0.0215202901208156,1.47044285890111e-05,2.10166847369742e-07,3.08998285457527e-06,NA
"Vcan",0.136822033147775,0,3.35771442818994,5.875,2.58104689381633,8.98534296720849,0.434610309097989,0.604652462398476,2.57627118644068,4.69642857142857,0.548559644261133,2.89830508474576,5.875,0.493328525063109,33.8626381082923,1.84801772329379e-07,0.000135925040535056,5.23605021599908e-06,0.000888740649652292,2.11798090399284e-07,3.08998285457527e-06,NA
"Nusap1",0.350445192964659,0.810507163306228,3.88793350493471,1.88473155896496,4.50428642746648,10763.2305404999,0.53672168553115,0.999824922305862,2.25423728813559,0.214285714285714,10.5197740112994,2.52542372881356,0.357142857142857,7.07118644067797,33.8219619905364,0.00640166746900428,0.0169470198453006,0.0201533975876061,0.0660778296720435,2.16026961541438e-07,3.12378809874964e-06,NA
"Ccnb1",0.443327340312033,0.849715366262648,4.62798150019615,1.78233328328745,8.11163719154595,17278.112628524,0.636725273167239,0.999896855085796,2.38983050847458,0.142857142857143,16.728813559322,2.57627118644068,0.267857142857143,9.6180790960452,33.5250548678332,0.017209643260882,0.0075013908717666,0.0399677507424856,0.0328669187680495,2.49557468023909e-07,3.57699037500936e-06,NA
"Des",0.883673223619871,0.463901688322326,0.874217283445388,2.69806631369315,13868.1535804443,17724.0915825102,0.999936966217373,0.999847797239819,0.101694915254237,0.946428571428571,0.107451231212024,0.101694915254237,1.44642857142857,0.0703075957313246,33.494567204292,0.0176138574239779,0.101411799190087,0.040684181549949,0.281699442194686,2.53281909334824e-07,3.59880556394002e-06,NA
"Tmem252",0.502400015069067,0.977589252421494,1.90745319092196,1.59362454940461,16345.336890398,17664.4456822982,0.999883316530246,0.999909791633443,0.76271186440678,0.0178571428571429,42.7118644067797,0.949152542372881,0.0357142857142857,26.5762711864407,32.5301267695712,0.15437207487424,0.579388343919819,0.19821187861496,0.912600887802236,4.04612056748022e-07,5.58494524802537e-06,NA
"Pde2a",0.566437958038919,1,1.72008303242578,0,17514.4157258898,1,0.999901800085864,1,0.593220338983051,0,Inf,0.745762711864407,0,Inf,32.5023233085359,0.183112350957494,0.923263497335655,0.228219205738812,0.999999861180693,4.10110676862807e-07,5.58494524802537e-06,NA
"Ephb1",0.581837201676975,1,1.90502400292297,0,17503.5948717378,1,0.999891175686826,1,0.593220338983051,0,Inf,0.796610169491525,0,Inf,32.5022157018254,0.0499015885194075,0.960725918744935,0.087637087275819,0.999999861180693,4.10132102168781e-07,5.58494524802537e-06,NA
"Smoc2",0.547499231601884,1,1.57317835749973,0,42.1580983230456,1,0.964026242156347,1,0.542372881355932,0,Inf,0.711864406779661,0,Inf,32.5021002151669,0.489192881144954,0.999852112985311,0.525017612339913,0.999999861180693,4.10155097774201e-07,5.58494524802537e-06,NA
"Hes5",0.573150891333795,1,2.62069965163869,0,2.51182120214345,1,0.489393277436466,1,0.898305084745763,0,Inf,1.11864406779661,0,Inf,32.5021002151078,0.726575965855239,0.999999396114274,0.740515073113853,0.999999861180693,4.10155097774201e-07,5.58494524802537e-06,NA
"Tcf19",0.768590122625367,0.299555610112782,1.31837392336395,2.49841391168638,12135.9773815532,14181.5131097265,0.999891378281462,0.999823857030324,0.23728813559322,1.125,0.210922787193974,0.305084745762712,1.75,0.174334140435835,32.2831929079534,0.0113291207254573,0.0763933652380373,0.029539118455947,0.230263689547276,4.56140807014727e-07,6.15978577406664e-06,NA
"Slit2",0.272646341612116,0.836691067653614,2.16712990466103,2.07756830832711,12175.2648861431,10350.5197566506,0.999822037199485,0.9997993191232,1.23728813559322,0.196428571428571,6.29892141756549,1.57627118644068,0.339285714285714,4.64585191793042,32.0562023516825,0.000980626613854452,0.789626990776046,0.00514316650620874,0.999999861180693,5.09265767001388e-07,6.77001681519118e-06,NA
"Uchl1",0.255527269667605,0.832606767502582,2.00346552105445,1.92020065103407,11724.7346268298,11357.1511246983,0.999829154066094,0.999830954433154,1.13559322033898,0.178571428571429,6.35932203389831,1.49152542372881,0.321428571428571,4.64030131826742,32.054786894105,0.000872007842701583,0.247451070616343,0.00469118143225535,0.523217437870377,5.0961570885466e-07,6.77001681519118e-06,NA
"Tuba1c",0.346456033962843,0.894178484297315,2.54155352805612,1.85622440340545,2.59225909531443,13185.9434555604,0.504938392864932,0.999859246845687,1.3728813559322,0.107142857142857,12.8135593220339,1.66101694915254,0.196428571428571,8.45608628659476,31.9222466086759,0.0323475697097046,0.285320275316163,0.0622068648263551,0.580196732102245,5.43469809932695e-07,7.16152959217761e-06,NA
"Cldn7",0.490206317845348,0.932767804815503,4.12263700734056,1.59362426127945,2.09628331190231,17359.7333913588,0.337081551827557,0.99990820838408,1.74576271186441,0.0535714285714286,32.5875706214689,2.10169491525424,0.107142857142857,19.6158192090396,31.1812650129366,0.0915832480354879,0.139922245854315,0.138515588665773,0.353969967190975,7.7852721414029e-07,1.01769077432419e-05,NA
"Bmp7",0.0835077131555383,0.279834794447765,4.93776484617599,2.85152791412324,8.80395606825874,18327.8663621662,0.640673473364663,0.99984443992149,4.05084745762712,1.39285714285714,2.90830073880921,4.52542372881356,2.05357142857143,2.20368459837878,31.1258814256514,1.23223236059289e-08,1.33945140693426e-05,5.23698753251978e-07,0.000118597259988971,7.99717927768562e-07,1.03709451902685e-05,NA
"Crip1",0.0857245541814349,0.396838055591605,3.74474555677571,2.19083827809533,5.98935059553834,17662.8387209103,0.615296017403168,0.999875978793539,2.91525423728814,0.803571428571429,3.62787193973635,3.42372881355932,1.32142857142857,2.59092991296381,31.099698732947,1.59809695066127e-06,0.000402172855752392,2.82996335012932e-05,0.0024073727280953,8.09935323808908e-07,1.04207426701083e-05,NA
"Cystm1",0.24793293133217,0.849715366262648,1.66771993913317,1.78233328328745,11635.7288218463,17278.112628524,0.999856693038418,0.999896855085796,0.949152542372881,0.142857142857143,6.64406779661017,1.25423728813559,0.267857142857143,4.68248587570621,30.9641619783067,5.67760977138176e-05,0.788743986074571,0.00049244574547699,0.999999861180693,8.649465272903e-07,1.10415830124402e-05,NA
"Slc47a1",0.610720952906081,1,2.04637041660134,0,16727.9583077934,1,0.999877682615399,1,0.610169491525424,0,Inf,0.796610169491525,0,Inf,30.7061888037463,0.329866580609768,0.968657560538832,0.375496801481162,0.999999861180693,9.80163311625759e-07,1.2226206695549e-05,NA
"1700011H14Rik",0.556511558609456,1,1.91088995198325,0,2.70394944431242,1,0.585924928716454,1,0.694915254237288,0,Inf,0.847457627118644,0,Inf,30.7061701366824,0.996428016942995,0.999999184229387,0.996428016942995,0.999999861180693,9.80172179865235e-07,1.2226206695549e-05,NA
"Fam134b",0.509564156422042,1,1.17501888924717,0,10517.6514541681,1,0.999888293728178,1,0.440677966101695,0,Inf,0.576271186440678,0,Inf,30.7061292555321,0.266604584045757,0.972684733294909,0.316499855361583,0.999999861180693,9.80191601662739e-07,1.2226206695549e-05,NA
"Msmo1",0.278927906191463,0.80909708110479,3.92541674962913,2.80621306173487,2.15892026004955,57.2527568331269,0.354832458592487,0.953275704417718,2.50847457627119,0.357142857142857,7.02372881355932,2.83050847457627,0.535714285714286,5.28361581920904,30.4949570871211,0.0137941912177395,0.165275293728868,0.0335001786716531,0.388077347153419,1.08581888547121e-06,1.344112165803e-05,NA
"Hey1",0.290170758127176,0.766166458373194,2.91309034568255,1.83280565519639,16.0601475956001,14337.0623449402,0.846463194384752,0.999872179436704,1.67796610169492,0.232142857142857,7.22816166883963,2.06779661016949,0.428571428571429,4.82485875706215,30.3666754225976,0.00114259398177963,0.138017307641897,0.00563647447704222,0.351241651184469,1.15545477596957e-06,1.41955872476261e-05,NA
"Nrp1",0.139258619204537,0.482720049890283,3.93826801731943,2.27840168443681,10.6000130810776,13844.5692993725,0.729110478008735,0.999835457012771,2.96610169491525,0.732142857142857,4.05126085159157,3.38983050847458,1.17857142857143,2.87621982537237,30.3279705063256,0.00120722302434584,8.01005728023885e-06,0.00583033846985206,7.59507480536782e-05,1.17732762039413e-06,1.43563681471941e-05,NA
"Ppp1r1a",0.920559141240667,0.465462254056603,1.92020045109105,2.73934953269539,11519.6854560154,16381.0272259547,0.999833339162236,0.999832800991147,0.0847457627118644,0.946428571428571,0.0895426926766869,0.152542372881356,1.46428571428571,0.104175279040926,29.9081455904039,0.0328639913841494,0.526431413259307,0.0626331674361592,0.86718352959382,1.44283819059066e-06,1.74636859512973e-05,NA
"Bex2",0.384487546456934,0.888289364478279,3.02903131991002,3.1970648017366,5.27626464370075,11037.1131145282,0.635289177750971,0.999710418933,1.67796610169492,0.25,6.71186440677966,1.86440677966102,0.357142857142857,5.22033898305085,29.6961894239056,0.00271839291519871,0.475692519542125,0.0107973550370042,0.818499274515802,1.5987973739362e-06,1.92090802133217e-05,NA
"Csrp2",0.0697068731014987,0.344084468264216,3.78958366906294,2.28687935739473,6.07487609668195,14515.8925572154,0.615834646898499,0.999842481671522,3.05084745762712,0.910714285714286,3.34995014955135,3.52542372881356,1.5,2.35028248587571,29.6608121460928,3.70421224966666e-05,2.65035051516538e-06,0.000342237001327898,3.12888602484802e-05,1.6264194406812e-06,1.93983165406795e-05,NA
"Mfge8",0.0835152784327787,0.232218289759404,5.25219809982172,3.07006903821188,3.67426503062126,17952.8792600152,0.41161487779975,0.999829022181899,4.38983050847458,1.64285714285714,2.67207074428887,4.8135593220339,2.35714285714286,2.04211607601438,29.16670284304,3.75379745398696e-07,3.79434774433474e-06,8.86313287746922e-06,4.24367839826911e-05,2.0658797698081e-06,2.44612140859886e-05,NA
"Krt18",0.56935647277555,1,1.37752074657151,0,15504.0854345534,1,0.999911159005665,1,0.440677966101695,0,Inf,0.593220338983051,0,Inf,28.9404056956201,0.0988904111354874,0.969621837515688,0.146579874150945,0.999999861180693,2.30493874719961e-06,2.70954669994545e-05,NA
"Scx",0.867993411801254,0.445404862888175,1.02717018518171,2.31829346517341,16046.5363113795,15979.5842691668,0.999935992140716,0.999854942585459,0.0847457627118644,0.803571428571429,0.105461393596987,0.135593220338983,1.28571428571429,0.105461393596987,28.8831006821441,0.0565210206751441,0.132716106634679,0.0949463786044911,0.343928934876456,2.36973446021693e-06,2.76581864856748e-05,NA
"Tagln2",0.228352844089899,0.774990124646905,2.10863060006998,2.0634037104083,10747.5972665948,18854.8440612387,0.999803842949729,0.999890575710028,1.32203389830508,0.267857142857143,4.93559322033898,1.6271186440678,0.464285714285714,3.50456323337679,28.321610923122,0.000159620528063509,0.0224325658243307,0.00119015306012265,0.080795258265598,3.10909134104698e-06,3.60301790870267e-05,NA
"Wnt4",0.401358144643112,0.786089386422047,5.60590869201014,2.50438381984624,2.08750800050002,10385.4995810441,0.2713369214139,0.999758915781288,3.05084745762712,0.339285714285714,8.99197145405888,3.35593220338983,0.535714285714286,6.26440677966102,28.2602212573188,0.0042240120169772,0.00290879269861977,0.01508575720349,0.0150760597184561,3.2027505078025e-06,3.68541854207696e-05,NA
"Kif22",0.502180096954675,0.910357071354275,3.06420826990081,1.59362425349846,18479.1184277474,11291.6473704941,0.999834207445611,0.99985888689932,1.33898305084746,0.0714285714285714,18.7457627118644,1.52542372881356,0.142857142857143,10.6779661016949,28.0033804094446,0.00604565827124492,0.27597032339178,0.0195949014069613,0.566605736432399,3.62610755499926e-06,4.14339842298517e-05,NA
"Ezr",0.0991060440148723,0.349272071464584,3.96969179337421,2.35999442245827,54.1904676742244,14514.6064816273,0.931745513944374,0.999837431985095,3.11864406779661,0.964285714285714,3.23414940364093,3.57627118644068,1.53571428571429,2.32873472605439,27.9559634334137,1.90998583615709e-09,3.25455296046329e-09,1.15963425766681e-07,8.13638240115822e-08,3.71016304789862e-06,4.21000445851829e-05,NA
"Plk1",0.544369157738673,0.95999049891711,2.75274890698581,2.2316119979075,38.5952785870949,10002.757568401,0.933424903826914,0.999776950083836,1.11864406779661,0.0535714285714286,20.8813559322034,1.25423728813559,0.0892857142857143,14.0474576271186,27.9035427944779,0.00810796003513126,0.858614417765813,0.0225485583673644,0.999999861180693,3.80535245469993e-06,4.28823855929633e-05,NA
"Prc1",0.415096869118488,0.820714173157125,3.12959253064216,1.59362533327404,12989.4080328759,16172.048404557,0.999759123843173,0.99990146775041,1.59322033898305,0.142857142857143,11.1525423728814,1.83050847457627,0.285714285714286,6.40677966101695,27.8882800737957,0.00141880106109782,0.0666703220332682,0.00641479203155929,0.208344756353963,3.83352285870942e-06,4.29039476104876e-05,NA
"6030408B16Rik",1,0.651575996923524,0,2.05005175873692,1,12726.5731667883,1,0.999838941594583,0,0.410714285714286,0,0,0.714285714285714,0,27.5995222657661,0.00751384014831447,0.964980445189461,0.0218129563822615,0.999999861180693,4.4074614699019e-06,4.89917825974129e-05,NA
"Runx1",0.541612191756049,1,1.10926891106724,0,43.30855125272,1,0.975026489211382,1,0.423728813559322,0,Inf,0.508474576271186,0,Inf,27.2039507827311,0.57278297121232,0.999227768034655,0.598114896229081,0.999999861180693,5.33528989787868e-06,5.8904484413066e-05,NA
"Mgll",0.560855728842144,0.977589252421494,1.8911972902862,1.59362454940461,14936.4388702329,17664.4456822982,0.999873399685123,0.999909791633443,0.661016949152542,0.0178571428571429,37.0169491525424,0.830508474576271,0.0357142857142857,23.2542372881356,27.1600562869625,0.0524349190652244,0.813223045512341,0.0900436560039329,0.999999861180693,5.44957032500015e-06,5.97624020875856e-05,NA
"Hmmr",0.550725014042732,0.920723796820025,2.86714449809004,1.12626119920375,10738.5180648511,16915.0157802247,0.999733074976625,0.999933420918526,1.13559322033898,0.0535714285714286,21.1977401129944,1.28813559322034,0.0892857142857143,14.4271186440678,26.7066389426054,0.018964724693094,0.185899299322772,0.0424210947082365,0.421434731555172,6.78281728605512e-06,7.38874896360938e-05,NA
"Aurka",0.551276414139477,0.955178537224486,2.41740309331734,1.5936242269606,60.1291188870671,10501.3273580076,0.9613503194618,0.999848268474108,0.932203389830508,0.0357142857142857,26.1016949152542,1.08474576271186,0.0714285714285714,15.1864406779661,26.4466719378738,0.073049440496714,0.726161780887459,0.115843329145908,0.999999861180693,7.68920355209701e-06,8.32063483716988e-05,NA
"Hs3st6",0.744904531272813,0.261774345080694,1.99327248179194,2.51568455769171,11877.8244992061,15759.0782197654,0.999832213547371,0.9998403914875,0.355932203389831,1.19642857142857,0.297495572982545,0.508474576271186,1.85714285714286,0.273794002607562,26.33698847558,1.93898686533522e-05,0.137628254330263,0.000217332584436032,0.351241651184469,8.10695992037314e-06,8.71498191440112e-05,NA
"Capn6",0.148282188210711,0.0295434810273792,4.05959381868276,3.69855466894085,2.09712099677251,14048.4715635922,0.340623377829372,0.999736798328101,3.10169491525424,2.66071428571429,1.16573768627005,3.45762711864407,3.58928571428571,0.963318998229193,25.9413293079314,1.00168562777725e-07,7.21202982352231e-05,3.04083137003808e-06,0.000519510622880845,9.81101506380977e-06,0.00010477907591023,NA
"Kif23",0.500372909448569,0.932767804815503,2.13718721749746,1.59362426127945,14154.0893929129,17359.7333913588,0.999849028467763,0.99990820838408,0.932203389830508,0.0714285714285714,13.0508474576271,1.06779661016949,0.107142857142857,9.96610169491525,25.8446502294927,0.0725263683224951,0.754727234570546,0.115843329145908,0.999999861180693,1.02790532996444e-05,0.000109064760335188,NA
"Enpp2",0.351760641180406,0.865535609842088,3.16371928445784,1.59362426051418,0.732258460616363,16333.0833891109,0.187952423892097,0.999902439193673,1.76271186440678,0.107142857142857,16.4519774011299,2.05084745762712,0.214285714285714,9.57062146892655,25.3906809194335,0.0274242457609675,0.0297349686978249,0.0563050926118562,0.103584931939144,1.27924364777821e-05,0.000134857040030296,NA
"Atp2b1",0.0399079866874486,0.239819171231374,3.58369630104796,2.2316118831051,5.35191442966964,10128.189630905,0.598942208983162,0.999779711837285,3.03389830508475,1.03571428571429,2.92928112215079,3.4406779661017,1.69642857142857,2.02818911685995,24.7516526666805,6.95156173313727e-06,2.85513423237127e-07,9.53036689220432e-05,5.27579151633822e-06,1.74011361007143e-05,0.000182265746080558,NA
"Itga6",0.322707316513598,0.766166427518138,2.60258816374641,1.83280542330441,14098.3521472643,10465.2075579097,0.999815431776601,0.999824897453369,1.40677966101695,0.232142857142857,6.0599739243807,1.76271186440678,0.428571428571429,4.11299435028249,24.6320631214293,8.5470579099578e-05,0.335917524764362,0.000685377285232465,0.64901014986563,1.8431927295337e-05,0.000191832924844463,NA
"H2-Eb1",0.978728817498051,0.626511893035328,1.59362431512217,2.39059056060865,15920.2853760251,14696.3847623853,0.99989990978357,0.999837361242471,0.0169491525423729,0.553571428571429,0.0306178239475123,0.0338983050847458,0.892857142857143,0.0379661016949153,24.6116065380386,0.134412718503977,0.625324795083219,0.178357394548432,0.952555691435011,1.86142503586506e-05,0.000192504335987564,NA
"Psrc1",0.48964051284831,0.955178537224486,1.59409067001549,1.5936242269606,7.3763077409481,10501.3273580076,0.822294328859775,0.999848268474108,0.677966101694915,0.0357142857142857,18.9830508474576,0.813559322033898,0.0714285714285714,11.3898305084746,24.4822840429852,0.134458467793996,0.883670273404591,0.178357394548432,0.999999861180693,1.980920326905e-05,0.000203573824790111,NA
"Kif12",0.602716864421656,2.16001639034695e-13,1.66384347007939,0.0178571424349252,16328.304101258,13409.1220825549,0.999898111038815,0.999998668285773,0.457627118644068,0.0178571428571429,25.6271186440678,0.661016949152542,0.0178571428571429,37.0169491525424,23.9118323131067,0.33259611827965,0.338915056578727,0.375897040940581,0.651759724189859,2.60614041466267e-05,0.000266152089847425,NA
"Axl",0.91491525894169,0.484401455632901,1.59362681775956,2.00876100606786,11854.182604989,12620.3759848772,0.999865582245599,0.999840857251105,0.0847457627118644,0.607142857142857,0.139581256231306,0.135593220338983,1.03571428571429,0.130917592051432,23.8880574692365,0.00729158065269986,0.687031792991214,0.0215202901208156,0.993158204153966,2.63609211180738e-05,0.000267538789484053,NA
"Prss8",0.659660719059184,1,1.59362404326454,0,11932.2932842748,1,0.999866462280437,1,0.355932203389831,0,Inf,0.542372881355932,0,Inf,23.8145823158182,0.0821214061697741,0.968352058814931,0.126914900444196,0.999999861180693,2.73084245679955e-05,0.000273779277470112,NA
"Cdh1",0.659660750731316,1,1.59362426350129,0,11563.4206977927,1,0.9998622030013,1,0.406779661016949,0,Inf,0.542372881355932,0,Inf,23.8143931610486,0.134939693856689,0.981038336909429,0.178357394548432,0.999999861180693,2.73109071160516e-05,0.000273779277470112,NA
"Smc2",0.119561804603008,0.243794046781853,5.6982397986165,3.44767006925161,5.99883526972994,10921.4849895177,0.512849172522064,0.999684421847102,4.61016949152542,1.85714285714286,2.48239895697523,5.01694915254237,2.60714285714286,1.92430926398886,23.7126363204255,0.000419835613962194,3.47059723435628e-05,0.00254900194191332,0.000289216436196356,2.86795500922254e-05,0.000285746249089612,NA
"Mkrn1",2.0496837386525e-08,0.528155642634419,2.25423728986285,2.04365015725004,1.26068263246848,12626.2385261641,0.358666103446338,0.999838168792183,1.89830508474576,0.553571428571429,3.42919628212138,2.25423728813559,0.964285714285714,2.33772755806654,23.4654391399689,0.000190795265005872,0.0032289363460275,0.00135146646045826,0.0159569528728103,3.22958688656616e-05,0.00031982696803934,NA
"Mis18bp1",0.403946593409071,0.767255762716774,2.78669097257468,1.45776334455,14252.5958125776,18523.4079957693,0.999804516576677,0.999921307751241,1.45762711864407,0.178571428571429,8.16271186440678,1.66101694915254,0.339285714285714,4.89562890276539,23.3551289609038,0.00975754642059978,0.077640228976126,0.0259184826797182,0.23237392475249,3.40529857395522e-05,0.000335196257219447,NA
"Smagp",0.392410944953397,0.865535609842088,1.8132239676762,1.59362426051418,11172.1770131664,16333.0833891109,0.999837728158948,0.999902439193673,0.813559322033898,0.107142857142857,7.59322033898305,1.10169491525424,0.214285714285714,5.14124293785311,23.1434052662666,0.00779822301747923,0.512161741208518,0.0223750051257657,0.853602902014197,3.76967889285096e-05,0.000368841635384339,NA
"Cthrc1",0.530593770863559,0.955178537224486,2.92471939495238,1.5936242269606,1.08785298587705,10501.3273580076,0.27111111841232,0.999848268474108,1.22033898305085,0.0357142857142857,34.1694915254237,1.3728813559322,0.0714285714285714,19.2203389830508,23.036445629832,0.152688149435658,0.363611227893729,0.197084177763958,0.69610257592268,3.96827686900414e-05,0.00038596216690195,NA
"Stard10",0.506345815605551,0.932767804815503,2.02570960438714,1.59362426127945,5.79859561454119,17359.7333913588,0.741100385566938,0.99990820838408,0.813559322033898,0.0535714285714286,15.1864406779661,1,0.107142857142857,9.33333333333333,22.951391360549,0.105992941242183,0.694638154644474,0.154166082684005,0.999467220890086,4.13361633688769e-05,0.000399664443460029,NA
"Hist1h2bc",0.401120367326009,0.827424189349123,2.7735395329455,1.75906133902174,2.61542124794544,14103.6517775183,0.485329427005598,0.999875291733143,1.35593220338983,0.160714285714286,8.43691148775894,1.66101694915254,0.303571428571429,5.4715852442672,22.9347291221202,0.0119098576399876,0.0948760250684952,0.030311861304546,0.268815404360737,4.16680180872486e-05,0.000400503185615084,NA
"Kpna2",0.416636860063015,0.876573794274787,2.26622873630605,2.0255021617049,4.68952384644747,12427.8824179475,0.674193595970468,0.999837046084756,1.16949152542373,0.142857142857143,8.1864406779661,1.32203389830508,0.25,5.28813559322034,22.735196299321,0.0115129579948874,0.519487020623879,0.0298354094379704,0.862429624082611,4.58544052913679e-05,0.000438164317228626,NA
"Pnmt",0.981978185277739,0.642718984512696,2.82143937184934,2.29911081512666,13198.9831520707,12165.1923454456,0.999786283810497,0.999811044797246,0.0338983050847458,0.482142857142857,0.0703075957313245,0.0508474576271186,0.821428571428571,0.0619012527634488,22.7129602355022,0.0511350421653566,0.820662181978491,0.0887036445725573,0.999999861180693,4.6346152895449e-05,0.000440288452506765,NA
"Peg3",0.453365980635843,0.232406522103678,2.2944735041998,4.09442674243204,13415.3718330285,23.6047965764251,0.999828996082345,0.852182615544869,0.983050847457627,2.33928571428571,0.42023547677578,1.25423728813559,3.14285714285714,0.399075500770416,22.5573890985982,0.023992098501822,0.000789502822461818,0.0507295615088277,0.00453430675062531,4.99367351939339e-05,0.000471656793681434,NA
"Fblim1",0.476743638718823,0.910357071354275,1.84632712976412,1.59362425349846,11819.7741398189,11291.6473704941,0.999843817762977,0.99985888689932,0.728813559322034,0.0714285714285714,10.2033898305085,0.966101694915254,0.142857142857143,6.76271186440678,22.3289936696059,0.0202595460614128,0.758261674198229,0.0445337924949476,0.999999861180693,5.57160607542739e-05,0.000523218639497032,NA
"Capg",0.446949228515341,0.910357071354275,1.5936266028883,1.59362425349846,17210.7511083147,11291.6473704941,0.999907413741275,0.99985888689932,0.677966101694915,0.0714285714285714,9.49152542372881,0.88135593220339,0.142857142857143,6.16949152542373,22.2331039491743,0.0279538224496509,0.790567723406841,0.0563050926118562,0.999999861180693,5.83367735976781e-05,0.00054469878890632,NA
"Cd74",1,0.731320782358774,0,2.72497015128234,1,61.2638333576246,1,0.957414891326995,0,0.482142857142857,0,0,0.732142857142857,0,22.2049036950816,0.0714697966234099,0.999949751621066,0.115055543806626,0.999999861180693,5.91306141288772e-05,0.000548973997082871,NA
"Ggt1",0.652885190763562,1,1.31837393976245,0,17513.3324101512,1,0.999924727363622,1,0.322033898305085,0,Inf,0.457627118644068,0,Inf,22.1598002049541,0.0728450256780362,0.968097873143151,0.115843329145908,0.999999861180693,6.04227132811053e-05,0.000557800641250429,NA
"Notch1",0.376304380905151,0.849715366262648,1.84792443252172,1.78233328328745,13003.65979167,17278.112628524,0.999857912165149,0.999896855085796,0.915254237288136,0.142857142857143,6.40677966101695,1.15254237288136,0.267857142857143,4.30282485875706,22.1054449027294,0.00790657955655005,0.578322739172869,0.0224019754102252,0.912600887802236,6.20172797509699e-05,0.000569304691646544,NA
"Pax2",0,0.0640741296285247,6.76271186440678,4.84623239788313,5.92764941580836,16358.648695621,0.467098554952083,0.999703838793656,6.15254237288136,3.55357142857143,1.73136870794651,6.76271186440678,4.53571428571429,1.49099159215268,22.0673390837974,3.59712259978551e-13,0.000139599783081312,7.6438855245442e-11,0.000898937997114511,6.31600807988741e-05,0.000576556268298102,NA
"Cpn1",0.590316691708401,2.16001639034695e-13,1.36525462977661,0.0178571424349252,11029.5885154993,13409.1220825549,0.999876234217074,0.999998668285773,0.389830508474576,0.0178571428571429,21.8305084745763,0.559322033898305,0.0178571428571429,31.3220338983051,21.9367862104983,0.532219918178467,0.415671282171273,0.564073479366206,0.758198690655756,6.72368012758495e-05,0.000610360740470767,NA
"Hmgcs1",0.185829269008613,0.57176528815973,2.91447627879675,2.08497820748202,7.80876947967009,15302.0806142952,0.728209504431479,0.999863764006284,2.01694915254237,0.517857142857143,3.8947983635301,2.3728813559322,0.892857142857143,2.65762711864407,21.8668218091621,1.94320899025158e-05,0.0672068903208863,0.000217332584436032,0.208488528367713,6.95283594971396e-05,0.000627675908388543,NA
"Tyms",0.150826640348571,0.0882856471217065,4.51086792651976,3.21215895954092,3.09315236368045,18772.915430327,0.406778552086032,0.99982892324606,3.4406779661017,2.05357142857143,1.67546057479735,3.83050847457627,2.92857142857143,1.30797850351385,21.319668041604,1.39979577928884e-08,4.4838752451426e-05,5.40157773602316e-07,0.000352897588738075,9.03488111958506e-05,0.000811153612604505,NA
"Tpx2",0.353996017697817,0.715712978008937,2.83358695707259,1.69597211507477,10.3517691170194,11940.644551747,0.785095909344433,0.99985798662233,1.59322033898305,0.25,6.3728813559322,1.83050847457627,0.482142857142857,3.79661016949153,21.1749468098085,0.00290598264179365,0.0699223675241984,0.01122766020693,0.213791411494851,9.68259872169419e-05,0.000864555536133787,NA
"Pbk",0.393009418466818,0.607821242295467,3.99302553469998,2.00346358274809,35.8693010913206,18167.6521998977,0.899829591680344,0.999889735742941,2.15254237288136,0.464285714285714,4.63624511082138,2.42372881355932,0.785714285714286,3.08474576271186,21.0327467336045,0.027772315553769,0.000811817682055294,0.0563050926118562,0.00458931206306594,0.000103640443453235,0.000920372198927094,NA
"Idh1",0.31165434435012,0.766166423797153,2.21607224560246,1.83280525961829,8.91147333785557,12852.3886333552,0.800848064024395,0.999857416081684,1.23728813559322,0.25,4.94915254237288,1.52542372881356,0.428571428571429,3.5593220338983,20.9543402736283,0.0065370457460312,0.485480276593258,0.0202791565114107,0.831972248194091,0.000107599938783398,0.00095036918903823,NA
"Bmp4",0.41221872803817,0.878096582449708,1.73014899496245,1.3183738986847,3.22625297485896,16285.3815221415,0.650926416885273,0.999919052115708,0.830508474576271,0.0892857142857143,9.30169491525424,1.01694915254237,0.160714285714286,6.32768361581921,20.7823357873435,0.0991344746587536,0.499056525946178,0.146579874150945,0.845016029988549,0.000116821669700173,0.00102627208758109,NA
"Fbln2",0.684888081350267,1,1.39848079420349,0,10723.9954275633,1,0.999869610309313,1,0.305084745762712,0,Inf,0.440677966101695,0,Inf,20.5300745133888,0.0426841284895868,0.96981204872392,0.0775245923421983,0.999999861180693,0.000131787722186694,0.0011454565168563,NA
"Kit",0.621063356508734,1,0.984020272967793,0,10829.0867401702,1,0.999909139995967,1,0.288135593220339,0,Inf,0.372881355932203,0,Inf,20.5300289524506,0.131746848918017,0.985756433212898,0.178357394548432,0.999999861180693,0.000131790590678693,0.0011454565168563,NA
"Cd9",0.297877675683602,0.713285151663074,2.67952756428035,2.05530372425798,17.452675686508,18658.6554443029,0.866903411866984,0.999889859301073,1.55932203389831,0.339285714285714,4.59589652096343,1.88135593220339,0.589285714285714,3.19260400616333,20.517279312863,0.000179350728889083,0.335958195224561,0.00131420792720449,0.64901014986563,0.000132595748674968,0.00114635689595184,NA
"Ifi30",0.210938942784344,0.701356503613893,2.04061430308538,2.27217869536891,24.6238591266726,17335.2043987531,0.923470669373578,0.999868944094302,1.30508474576271,0.410714285714286,3.17759764185704,1.61016949152542,0.678571428571429,2.3728813559322,20.2128826372254,0.000295139713853088,0.0198492570381279,0.00192975966750096,0.0753208414393246,0.000153342438983683,0.00131551738588734,NA
"Cited2",0.123470977130406,0.359512682875609,4.35075089893792,2.95533896814159,7.2312943576932,12313.0731348196,0.624353833667938,0.999760041236147,3.3728813559322,1.28571428571429,2.62335216572505,3.8135593220339,1.89285714285714,2.01471058522546,20.2070199364424,0.000243616513272316,0.00303491740223949,0.00165511141348259,0.0155402397102624,0.000153772228093318,0.00131551738588734,NA
"Racgap1",0.430080775301025,0.731071023065529,3.06317517534596,1.59362537466933,137.795829972443,16932.9707468275,0.978253607768051,0.999905895106621,1.54237288135593,0.232142857142857,6.64406779661017,1.74576271186441,0.428571428571429,4.07344632768362,19.8532553917757,0.0065163091722712,0.0400509427221771,0.0202791565114107,0.135092465531153,0.000182052612273886,0.00154934358570589,NA
"Krt23",0.661798192692677,0.977589252421494,2.40554399071002,1.59362454940461,4.29675367366044,17664.4456822982,0.641086667412887,0.999909791633443,0.711864406779661,0.0178571428571429,39.864406779661,0.813559322033898,0.0357142857142857,22.7796610169492,19.3616267757567,0.342479231500317,0.793260757549729,0.383035982599039,0.999999861180693,0.000230140370454879,0.00194844230737447,NA
"Gpc4",0.495560450722445,0.932767804815503,1.34399870477982,1.59362426127945,11324.0033857868,17359.7333913588,0.999881328257832,0.99990820838408,0.508474576271186,0.0535714285714286,9.49152542372881,0.677966101694915,0.107142857142857,6.32768361581921,19.1761351290537,0.0185702441651973,0.565572365210229,0.0419806051606853,0.911018576145806,0.000251403021130026,0.00211748730168279,NA
"Egfl6",0.661091538139011,1,1.05023091305234,0,17903.9614838113,1,0.999941344304612,1,0.254237288135593,0,Inf,0.355932203389831,0,Inf,18.9257542329376,0.140021202183081,0.979926091051837,0.183669786814227,0.999999861180693,0.000283234913563635,0.00231399884072729,NA
"Gpx6",0.736277608173345,1,2.82783275559369,0,2.14940355414902,1,0.431846796171133,1,0.627118644067797,0,Inf,0.745762711864407,0,Inf,18.9255257096868,0.952797646537822,0.999999460696333,0.957302599949348,0.999999861180693,0.000283265725234072,0.00231399884072729,NA
"Dpp4",0.683066705467747,1,1.49740112222453,0,2.66360563064031,1,0.640134897355411,1,0.389830508474576,0,Inf,0.474576271186441,0,Inf,18.9255257096826,0.848984856100198,0.999999824746497,0.861142157142205,0.999999861180693,0.000283265725234627,0.00231399884072729,NA
"Tfap2b",0.691515689786948,1,2.36256282003769,0,1.08145412688971,1,0.314009525375458,1,0.644067796610169,0,Inf,0.728813559322034,0,Inf,18.9255257096607,0.977280706676505,0.999996407024855,0.979585614003572,0.999999861180693,0.000283265725237514,0.00231399884072729,NA
"Chst8",0.620147111432881,1,1.16012672692669,0,1.56234294773128,1,0.573869733894304,1,0.355932203389831,0,Inf,0.440677966101695,0,Inf,18.9255257096596,0.936215644920433,0.999999628728018,0.945110805442243,0.999999861180693,0.000283265725237736,0.00231399884072729,NA
"Tmcc3",0.723474213669126,1,1.59362410077711,0,12029.7058678426,1,0.999867543476759,1,0.305084745762712,0,Inf,0.440677966101695,0,Inf,18.9254883607418,0.26291243254236,0.990944419023925,0.313870179299166,0.999999861180693,0.000283270761289756,0.00231399884072729,NA
"Emp3",0.7872880551965,0.441575849020424,1.59362591906745,2.62217707270928,18755.5931868869,17108.1393354834,0.999915039182849,0.999846752754354,0.220338983050847,0.964285714285714,0.228499686126805,0.338983050847458,1.46428571428571,0.231500620090947,18.915303857346,0.00725401363924538,0.178890105478597,0.0215202901208156,0.410963755829209,0.00028464734821676,0.00231399884072729,NA
"Lmcd1",1,0.743944653694377,0,1.81322406687608,1,14610.8559748227,1,0.99987591424659,0,0.25,0,0,0.464285714285714,0,18.7494286332649,0.0155669806260355,0.97535463272278,0.0367553709225837,0.999999861180693,0.000308028104812341,0.0024916728874424,NA
"Pla2g7",0.230828330621242,0.651576604675265,2.401879213928,2.05005095582694,43.4137871064015,17324.1061507833,0.94757515481419,0.999881678836785,1.42372881355932,0.410714285714286,3.46647015475313,1.84745762711864,0.714285714285714,2.5864406779661,18.7258505723894,0.000245345927175067,0.021327864230159,0.00165511141348259,0.0792754320201322,0.000311503075046682,0.00250736957943979,NA
"Palld",0.957457465238639,0.610218536036394,1.59362620187444,1.74090228204704,13147.598377191,10677.6076421021,0.999878804248849,0.999836984224758,0.0508474576271186,0.375,0.135593220338983,0.0677966101694915,0.678571428571429,0.0999107939339875,18.4871522851956,0.0543494497612456,0.780348231389613,0.0923940645941174,0.999999861180693,0.000348954691011039,0.00279505865250999,NA
"Tacc3",0.426976251106744,0.766166458373194,2.92826625730739,1.83280565519639,13765.846497608,14337.0623449402,0.999787325574895,0.999872179436704,1.45762711864407,0.25,5.83050847457627,1.67796610169492,0.428571428571429,3.91525423728814,18.4694182373562,0.000408868187893652,0.152554535295123,0.00251839101238843,0.372618836209352,0.000351909581415621,0.00280497685869817,NA
"Bex1",0.12145983797171,0.357075215705485,4.14786690380439,2.88858495961855,7.99892431658246,13085.3622558687,0.658521594012193,0.999779299388837,3.20338983050847,1.23214285714286,2.59985261606485,3.64406779661017,1.85714285714286,1.96219035202086,18.4096784735086,0.000118656289132768,0.00745476120313482,0.000900516480025472,0.0328669187680495,0.000362047901620199,0.00287177801576411,NA
"Mt2",0.517683977026049,0.977589252421494,2.03818952005651,1.59362454940461,0.517056898791609,17664.4456822982,0.20235109028142,0.999909791633443,0.898305084745763,0.0178571428571429,50.3050847457627,0.983050847457627,0.0357142857142857,27.5254237288136,18.3603843229654,0.215009362373884,0.580362259027688,0.264101095401447,0.912600887802236,0.000370631878954031,0.00292566420391733,NA
"Epha7",0.444649627718124,0.798303412495527,2.47209857098717,1.59362423911807,10791.4407681293,13338.6412972616,0.999770972899122,0.999880540016837,1.11864406779661,0.160714285714286,6.96045197740113,1.3728813559322,0.321428571428571,4.27118644067797,18.1578255388904,0.00409568765722734,0.271125645553071,0.0150057521924278,0.559361161942016,0.000408081837913965,0.00320579674592028,NA
"Fzd2",0.468973739048825,0.23920682629059,1.97889922769827,3.30951580906758,18690.3406388028,178.415057204105,0.999894133030217,0.981788286778213,0.88135593220339,1.76785714285714,0.49854476973121,1.05084745762712,2.51785714285714,0.41735785551148,18.037135116766,0.0388841388422524,1.47504216689853e-05,0.0712317198618848,0.000125378584186375,0.000432160503665568,0.00337870939229444,NA
"Tmem150c",0.537005887541445,0.938286855925688,1.46430739310019,2.02550181232652,12024.6690746547,11064.2442511085,0.999878239551601,0.999816966163165,0.508474576271186,0.0714285714285714,7.11864406779661,0.677966101694915,0.125,5.42372881355932,17.9738795090727,0.0442532648921935,0.657043805458159,0.0793571205872668,0.976376284334677,0.000445339476995987,0.00346516526386402,NA
"Gas2",0.0361837165819416,0.411961661654191,2.74333173905507,2.12571174091425,1.32443629074622,15306.9388262126,0.325592875759663,0.999861146856123,2.27118644067797,0.732142857142857,3.10210830921869,2.64406779661017,1.25,2.11525423728814,17.8880903049148,0.00666057187409519,0.0032744108341024,0.02051263077167,0.0159956851091209,0.00046385390735737,0.00359211983233148,NA
"Mgst3",0.516397355797394,0.932767804815503,1.33181264025081,1.59362426127945,11896.3941347025,17359.7333913588,0.999888061580327,0.99990820838408,0.508474576271186,0.0535714285714286,9.49152542372881,0.644067796610169,0.107142857142857,6.01129943502825,17.6836455640796,0.0217709205486453,0.767054265056283,0.0464956845888153,0.999999861180693,0.000511118792303034,0.00393947220105263,NA
"Anxa3",0.849509579555632,0.482272579620396,1.12626123183619,1.7590613308771,11543.8033789358,10191.3766972301,0.999902445379319,0.999827426871128,0.11864406779661,0.5,0.23728813559322,0.169491525423729,0.910714285714286,0.186108341641741,17.6459531856582,0.0122266767421725,0.458763098981326,0.0307475598545758,0.799075069946982,0.00052034155843006,0.00399172819941182,NA
"Car2",0.639102101838425,0.977589252421494,1.69069823248509,1.59362454940461,3.6925280075966,17664.4456822982,0.685932160922994,0.999909791633443,0.474576271186441,0.0178571428571429,26.5762711864407,0.610169491525424,0.0357142857142857,17.0847457627119,17.6054295767908,0.306163251765187,0.882483368302714,0.356491457534806,0.999999861180693,0.000530441702537243,0.00405019505582175,NA
"Hoxd8",0.5139384907507,0.87197231306923,2.37118659664358,1.81322398320228,11157.4406353349,15716.6954844218,0.999787524500011,0.999884644019554,0.949152542372881,0.125,7.59322033898305,1.15254237288136,0.232142857142857,4.96479791395046,17.4686730682755,0.00943853977992337,0.642200128831359,0.0252288012985373,0.964434822449921,0.000565987538170498,0.00429003212158867,NA
"Fbln1",0.209575360467316,0.554532117751295,2.55172859192459,1.8439681153239,10900.8108962194,13292.5336423615,0.999765968657585,0.999861297146106,1.66101694915254,0.464285714285714,3.57757496740548,2.01694915254237,0.821428571428571,2.4554163596168,17.4574446080342,0.000285670371755753,2.84519366522407e-06,0.00189702981244055,3.26812785870332e-05,0.000569009130629072,0.00429003212158867,NA
"Klf6",0.60440000416391,0.977589252421494,1.15679260368194,1.59362454940461,10638.5288878895,17664.4456822982,0.999891275678773,0.999909791633443,0.322033898305085,0.0178571428571429,18.0338983050847,0.457627118644068,0.0357142857142857,12.8135593220339,17.4547787518357,0.09833557392574,0.841291076855363,0.146579874150945,0.999999861180693,0.000569728868044517,0.00429003212158867,NA
"Mki67",0.440315616658431,0.789672451584491,3.66429281376521,2.71685081102284,33.2334088240444,16656.5862092786,0.900690486097639,0.999836916898551,1.84745762711864,0.375,4.92655367231638,2.05084745762712,0.571428571428571,3.58898305084746,17.4151411203825,0.00122149649361358,0.309426513710258,0.00583298887399745,0.623252456525402,0.000580537757138733,0.00435137016130591,NA
"Negr1",0.798130111435165,0.466444721247744,1.17545086859787,2.04156319589876,10.426390265778,10553.0361036927,0.898684109273394,0.99980657999303,0.186440677966102,0.642857142857143,0.290018832391714,0.23728813559322,1.08928571428571,0.217838288413448,17.1634101164432,0.0287027076963285,0.229320561945788,0.0575408055233001,0.49222847892404,0.000654102410804325,0.00488038054454003,NA
"Nrp2",1,0.744941947750112,0,1.47025352858554,1,10016.4367735216,1,0.999853237455227,0,0.196428571428571,0,0,0.375,0,17.0608561912295,0.380807932944486,0.980870744949951,0.413921666244007,0.999999861180693,0.00068666386428029,0.0051000397919727,NA
"Cmtm8",0.472823322587434,0.834003536436425,2.02549955900721,1.39848081859489,15152.4668362065,13543.275543263,0.999866343291868,0.999896750500152,0.88135593220339,0.125,7.05084745762712,1.06779661016949,0.232142857142857,4.59973924380704,17.0056745478105,0.0312025648134634,0.44640617558834,0.0608753156167394,0.79276252991235,0.000704845760876593,0.00521139354421879,NA
"Gm2a",0.659659763457082,0.339376096984054,1.59362159806061,2.5138573984123,17259.3724485255,14413.2172377607,0.999907674831664,0.999825617071946,0.440677966101695,1.05357142857143,0.418270611893134,0.542372881355932,1.66071428571429,0.326590122106798,16.9344700436874,0.000183633812000816,0.0941385119669405,0.00132278593390419,0.268515889838589,0.000729015677603639,0.00536581809551508,NA
"Hspa1a",2.45932928663523e-13,0.778168678512641,0.0169491514263656,3.38094667292024,12488.0555038273,10855.2427939676,0.999998642772815,0.999688639485659,0.0169491525423729,0.553571428571429,0.0306178239475123,0.0169491525423729,0.75,0.0225988700564972,16.8989736410362,0.319481079370936,0.0873471467178581,0.365982368551612,0.256017499000619,0.000741370543744235,0.00543228461200933,NA
"Snx2",0.226916756172272,0.495247134334385,3.15707006452314,2.15805762087672,5.99143246757921,16712.030512975,0.654908543398781,0.999870884691066,2.06779661016949,0.642857142857143,3.2165725047081,2.4406779661017,1.08928571428571,2.24062239510975,16.8885425034186,0.00332302515598204,0.0144842197833074,0.0123884709762488,0.0580735227160909,0.00074504059689362,0.0054348050684115,NA
"Aspm",0.564266598421202,0.932767804815503,1.78930738794606,1.59362426127945,4.46865961976864,17359.7333913588,0.714075292225057,0.99990820838408,0.677966101694915,0.0535714285714286,12.6553672316384,0.779661016949153,0.107142857142857,7.27683615819209,16.7323511838674,0.11123418593833,0.740957360201915,0.157669831418771,0.999999861180693,0.000802203104966703,0.00582577721562486,NA
"Incenp",0.437127027409093,0.76043160792642,2.71006746392809,1.71439247842316,19183.5754036134,15080.8782182478,0.999858749758101,0.99988633303818,1.30508474576271,0.232142857142857,5.6219035202086,1.52542372881356,0.410714285714286,3.71407516580693,16.6874581169056,0.00038441145462409,0.181193590631239,0.00240257159140056,0.414017613001487,0.000819424749858855,0.00592451345694411,NA
"Plcb1",0.578535443944217,0.955178537224486,1.28687661537542,1.5936242269606,17382.3364665695,10501.3273580076,0.99992597189953,0.999848268474108,0.355932203389831,0.0357142857142857,9.96610169491525,0.542372881355932,0.0714285714285714,7.59322033898305,16.5177229581732,0.114245985064215,0.715265433339694,0.160035031926796,0.999999861180693,0.000887922645811501,0.0063914784284405,NA
"Fhl1",0.572863493686846,0.910357071354275,2.06340714364611,1.59362425349846,11087.29429566,11291.6473704941,0.999813929066142,0.99985888689932,0.694915254237288,0.0714285714285714,9.72881355932203,0.88135593220339,0.142857142857143,6.16949152542373,16.485796271304,0.0440958106630666,0.789555848622846,0.0793571205872668,0.999999861180693,0.000901428483031541,0.00646023746172605,NA
"Sephs2",0.175424305339251,0.615916974578403,1.84994991064648,1.81322406543762,16327.7143563136,14269.9236138096,0.999886711618513,0.999872950006994,1.11864406779661,0.375,2.98305084745763,1.52542372881356,0.696428571428571,2.1903520208605,16.4411295719239,1.62418022705557e-05,9.08233036645001e-05,0.000191743499027394,0.000632785312416599,0.000920666790813596,0.00656929928466994,NA
"Sept4",0.574575929204717,0.938286855925688,1.59362420687969,2.02550181232652,11681.9392099306,11064.2442511085,0.999863600827806,0.999816966163165,0.593220338983051,0.0714285714285714,8.30508474576271,0.677966101694915,0.125,5.42372881355932,16.3491677576601,0.0271746628379673,0.696706024624159,0.056174942397175,0.999467220890086,0.000961569062301271,0.00683132107739251,NA
"Ifitm1",0.81053166813269,0.567788847717428,0.984020254234357,2.39631618609271,11390.0832611457,13394.7809710638,0.999913614744789,0.999821132755452,0.11864406779661,0.642857142857143,0.184557438794727,0.186440677966102,1.03571428571429,0.180011689070719,16.2591152028274,0.0503404281505803,0.0898360684837138,0.0879107103087485,0.259730129969921,0.0010033701690989,0.00706773546822698,NA
"Gm20186",0.777404744046786,0.510118153720814,0.761433682392293,1.82259669818913,10158.8740607822,13410.2573539669,0.999925053051086,0.999864107826311,0.11864406779661,0.5,0.23728813559322,0.169491525423729,0.892857142857143,0.189830508474576,16.2588469947849,0.101764991586962,0.159737266566864,0.149236147303881,0.381395158937737,0.00100349732474214,0.00706773546822698,NA
"Tspan15",0.587644357299445,0.932767804815503,1.72633631995092,1.59362426127945,14280.615152876,17359.7333913588,0.999879127920218,0.99990820838408,0.508474576271186,0.0535714285714286,9.49152542372881,0.711864406779661,0.107142857142857,6.64406779661017,16.1546133401712,0.00608373291773667,0.778016562755425,0.0195949014069613,0.999999861180693,0.00105414527664693,0.00739258962249395,NA
"Pdgfa",0.101300109471087,0.393876700096754,3.07411862502013,2.44528277125683,7.54439898480123,17829.2553430413,0.710494558847198,0.99986286878506,2.32203389830508,0.928571428571429,2.5006518904824,2.76271186440678,1.48214285714286,1.86399836634674,15.9944621360415,1.78550890284068e-06,0.000356277745671596,2.91862032195112e-05,0.0021798316421795,0.00113695267520098,0.00793923363794185,NA
"Ppp1r16b",0.77909035393763,0.471437824931406,1.45776284324455,2.43248861270655,16360.947277516,12578.3746748266,0.999910907788944,0.999806650830817,0.254237288135593,0.803571428571429,0.31638418079096,0.322033898305085,1.28571428571429,0.250470809792844,15.9044417529513,0.00803846770262906,0.209191256681242,0.0225485583673644,0.46305356296629,0.00118630143456522,0.00824858103863645,NA
"Cdh16",0.652885191981258,0.977589252421494,1.31837393647598,1.59362454940461,16699.9714789853,17664.4456822982,0.999921061549851,0.999909791633443,0.338983050847458,0.0178571428571429,18.9830508474576,0.457627118644068,0.0357142857142857,12.8135593220339,15.8826973983355,0.171425866458463,0.63586518688447,0.216285279899133,0.961717809344839,0.00119853700977079,0.00829834522866728,NA
"Hacd4",0.680931961292376,0.977589252421494,1.59362388132896,1.59362454940461,11820.9545566088,17664.4456822982,0.999865204704011,0.999909791633443,0.372881355932203,0.0178571428571429,20.8813559322034,0.508474576271186,0.0357142857142857,14.2372881355932,15.8459376677318,0.134886545705658,0.698451210833778,0.178357394548432,0.999467220890086,0.00121950735687115,0.00837746143440271,NA
"Spc24",0.184456569245173,0.412710929849113,3.34600650415558,2.43248427620697,2.97051839300194,14505.8320746307,0.470277318836928,0.999832338025935,2.33898305084746,0.910714285714286,2.56829511465603,2.72881355932203,1.42857142857143,1.91016949152542,15.8447033911378,0.000218163495723123,0.00371352034390648,0.00151999156856274,0.0179346152972756,0.00122021776094727,0.00837746143440271,NA
"Elf3",0.757911030363746,1,1.47025316656673,0,14265.9620115554,1,0.999896950401496,1,0.23728813559322,0,Inf,0.355932203389831,0,Inf,15.7870825172263,0.0522897588091714,0.977916183703797,0.0900436560039329,0.999999861180693,0.00125384353631786,0.00850207108074037,NA
"Sall3",0.717902871806962,1,1.08148830433955,0,15345.1781415363,1,0.999929527563691,1,0.220338983050847,0,Inf,0.305084745762712,0,Inf,15.7870448523163,0.399909841162615,0.990755757641407,0.433575720648243,0.999999861180693,0.00125386581453113,0.00850207108074037,NA
"Arhgef16",0.747780222671292,1,1.34399868959233,0,13195.7113624703,1,0.999898159198942,1,0.220338983050847,0,Inf,0.338983050847458,0,Inf,15.7868561482019,0.278662767465608,0.983929337111213,0.328976878258009,0.999999861180693,0.00125397743602107,0.00850207108074037,NA
"Kdelr3",0.64272426990312,0.981012730883061,1.09111947865273,2.82143937142338,17731.557723857,17320.8914117069,0.999938468331026,0.99983713425663,0.271186440677966,0.0357142857142857,7.59322033898305,0.389830508474576,0.0535714285714286,7.27683615819209,15.75491015026,0.119635183863249,0.452984709761753,0.164782525235676,0.795530998548533,0.00127301690281645,0.00859549429422346,NA
"Sema5a",0.448114258207065,0.820714173157125,1.96552597206378,1.59362533327404,16875.5484909052,16172.048404557,0.99988354173665,0.99990146775041,0.813559322033898,0.142857142857143,5.69491525423729,1.08474576271186,0.285714285714286,3.79661016949153,15.7391451003932,0.00167630880377589,0.550530261021457,0.00749927622741848,0.896457321586663,0.00128251818210545,0.00862401115045395,NA
"Hist1h2ae",0.388498010844984,0.772152795889754,3.32606962746556,2.82143947653522,1.55971223507959,19068.9446779047,0.319234930858556,0.999852061971651,1.79661016949153,0.446428571428571,4.02440677966102,2.03389830508475,0.642857142857143,3.1638418079096,15.598751262222,0.00490006837724544,0.100106053139549,0.0167447822819842,0.281699442194686,0.00137029636563679,0.0091764928747972,NA
"Cd44",1,0.775893120283878,0,1.59361875644628,1,18768.2638604617,1,0.999915096917587,0,0.196428571428571,0,0,0.357142857142857,0,15.3985404081329,0.0756748812783112,0.976878673986678,0.118242001997361,0.999999861180693,0.00150588196016543,0.0100433107057564,NA
"Mmp14",0.15471201990936,0.487889307532807,2.3259583889691,1.8132240738603,11553.5823894909,13057.4576286942,0.999798721284477,0.999861154263948,1.52542372881356,0.5,3.05084745762712,1.96610169491525,0.928571428571429,2.11734028683181,15.2216079888116,2.04346403160915e-05,0.000359031094006035,0.000218031903906346,0.0021798316421795,0.00163673634123596,0.010871655209673,NA
"Gm266",0.102310636405681,0.107687597417239,4.07826636240977,3.94240624350166,2.35721948430483,13454.8405905965,0.366284619444579,0.99970707557701,3.20338983050847,2.64285714285714,1.21209344938158,3.66101694915254,3.51785714285714,1.04069517336316,14.95510993378,1.3458164512814e-06,4.86283784417729e-06,2.48683474693302e-05,5.16676520943837e-05,0.00185541522565214,0.0122742853389295,NA
"Fcgrt",0.611232867125315,0.310340898518173,1.35151084327413,2.12320216583208,10294.3859465978,12884.6637564414,0.999868731030792,0.999835241928601,0.406779661016949,0.857142857142857,0.474576271186441,0.525423728813559,1.46428571428571,0.358825961140967,14.9332554176315,0.00375707441983808,0.121600950543946,0.0138848402472277,0.323002524882356,0.00187458430128884,0.0123406005187508,NA
"Fign",0.429240091150088,0.871972327996372,1.24722201428441,1.81322405680877,14200.0234702034,13289.9926536871,0.999912175322806,0.999863583317911,0.542372881355932,0.142857142857143,3.79661016949153,0.711864406779661,0.232142857142857,3.06649282920469,14.9265055308956,0.0441227784963116,0.53164682421728,0.0793571205872668,0.872393437422177,0.0018805443874963,0.0123406005187508,NA
"Meis1",0.717902871806962,0.47987607310682,1.08148830433955,2.23161213479218,15345.1781415363,14640.7895016549,0.999929527563691,0.999847598926652,0.203389830508475,0.696428571428571,0.292046936114733,0.305084745762712,1.16071428571429,0.262842242503259,14.7877175345099,4.83914299770349e-05,0.0687646409665283,0.000428465786254997,0.211775162396917,0.00200734559749172,0.0131200108252059,NA
"Rbm47",0.621063356508734,0.977589252421494,0.984020272967793,1.59362454940461,10829.0867401702,17664.4456822982,0.999909139995967,0.999909791633443,0.288135593220339,0.0178571428571429,16.135593220339,0.372881355932203,0.0357142857142857,10.4406779661017,14.5786952041753,0.0664114593914016,0.777246369011006,0.107728512371548,0.999999861180693,0.00221448620640763,0.0144162169771716,NA
"H2-Ab1",0.735986884693816,0.525370863342543,1.02717034355153,2.33265352293646,15462.3145822849,10380.0496178293,0.999933573844517,0.999775325791136,0.203389830508475,0.678571428571429,0.299732381801963,0.271186440677966,1.10714285714286,0.244942591580098,14.5672081191154,0.0330504389388133,0.0529880519628447,0.0627073060223021,0.171907802169534,0.00222646513376623,0.0144366826530715,NA
"S100g",1.56707837737983e-08,0.75348196244741,1.54237288303451,1.59362433320922,0.159105980747855,17613.8407696273,0.0935104068199617,0.999909532498741,1.38983050847458,0.214285714285714,6.48587570621469,1.54237288135593,0.392857142857143,3.92604006163328,14.4626175720754,0.006236898597892,0.00212459228097928,0.0197812082395828,0.0111475520915579,0.00233853242443016,0.0151034070415766,NA
"Snx7",0.535386080390119,0.932767804815503,1.49568307055426,1.59362426127945,1.67563437834619,17359.7333913588,0.5283716957844,0.99990820838408,0.559322033898305,0.0535714285714286,10.4406779661017,0.694915254237288,0.107142857142857,6.48587570621469,14.4279822030352,0.110152456678,0.581917271986837,0.15709662445688,0.912600887802236,0.00237686259930114,0.0152905255403861,NA
"Rassf10",0.700607659697116,0.977589252421494,1.6417434846886,1.59362454940461,18.5006773165203,17664.4456822982,0.91849323867814,0.999909791633443,0.389830508474576,0.0178571428571429,21.8305084745763,0.491525423728814,0.0357142857142857,13.7627118644068,14.3987291474488,0.235782719982915,0.886679901317789,0.286307588550682,0.999999861180693,0.00240972102499992,0.0153596899269214,NA
"Selm",0.735985926568921,0.491883707046409,1.02717128086693,2.10863018510108,11612.7871720169,17547.2045661063,0.999911556078778,0.99987984542976,0.203389830508475,0.625,0.325423728813559,0.271186440677966,1.07142857142857,0.253107344632768,14.3939572897764,0.0884385990125185,0.130000340260965,0.134718295986811,0.338957942398222,0.0024151235591654,0.0153596899269214,NA
"Hist1h1e",0.324385095389116,0.679923861144467,2.63413814174433,2.23161188537667,17502.2275479553,15133.0114301517,0.99984951962552,0.999852555265933,1.49152542372881,0.446428571428571,3.34101694915254,1.77966101694915,0.714285714285714,2.49152542372881,14.3933480848611,0.000711085078167084,0.496518425004506,0.00402948210961348,0.84408132250766,0.00241581414395275,0.0153596899269214,NA
"Enpep",0.714713191528645,0.977589252421494,1.78233260541494,1.59362454940461,14020.7612985635,17664.4456822982,0.99987289519988,0.999909791633443,0.406779661016949,0.0178571428571429,22.7796610169492,0.508474576271186,0.0357142857142857,14.2372881355932,14.3844624708701,0.103755797001098,0.902103530158662,0.151533380499886,0.999999861180693,0.0024259090111447,0.0153601272626349,NA
"Gdnf",0.789267654726849,0.495247710757383,1.28687626902573,2.15806015566799,11651.5720432336,17467.3258251577,0.999889565618368,0.999876466862454,0.203389830508475,0.642857142857143,0.31638418079096,0.271186440677966,1.08928571428571,0.248958043901084,14.3767687311513,0.135131955399047,0.238917265257082,0.178357394548432,0.507699188671299,0.00243468357467713,0.0153601272626349,NA
"Mcam",0.867993411801254,0.571416173167088,1.02717018518171,1.79161483618278,16046.5363113795,17594.4122082083,0.999935992140716,0.999898181741119,0.0847457627118644,0.428571428571429,0.19774011299435,0.135593220338983,0.767857142857143,0.176586519511234,14.3089146435605,0.0657248351341216,0.473222248521135,0.107023198973187,0.817734677901374,0.00251344489837801,0.0157960344767295,NA
"Pkib",0.779090892827832,1,1.45776468233449,0,15782.6805522585,1,0.999907643695648,1,0.23728813559322,0,Inf,0.322033898305085,0,Inf,14.2517003330162,0.294222713557599,0.985145812080148,0.34447562882088,0.999999861180693,0.00258181509128952,0.0161022281239003,NA
"Tspan8",0.816761010730002,1,2.5899299728128,0,13354.034968417,1,0.99980609398014,1,0.355932203389831,0,Inf,0.474576271186441,0,Inf,14.251650851742,0.1680978723285,0.984225289782134,0.213896993232373,0.999999861180693,0.00258187501129858,0.0161022281239003,NA
"Krt39",0.751722643975837,0.981781634298066,2.18454451244298,3.9206903988204,12958.7545754143,19474.7554491391,0.999831451680142,0.999798718846664,0.491525423728814,0.0535714285714286,9.17514124293785,0.542372881355932,0.0714285714285714,7.59322033898305,13.843121476771,0.0617619637460436,0.578959318950679,0.101346851706828,0.912600887802236,0.00312665790010958,0.0194256996531523,NA
"Dhrs3",0.729849493303743,0.673382051084548,0.376437964688791,2.07756850296755,17611.8219038519,11897.7411944551,0.99997862629313,0.999825411752536,0.101694915254237,0.392857142857143,0.258859784283513,0.101694915254237,0.678571428571429,0.149866190900981,13.7771559708348,0.351868852363843,0.0430695543114422,0.390780449026922,0.144130398286322,0.00322472180760347,0.0199590736122124,NA
"Grn",0.234713597363153,0.615916974578403,1.99327170062668,1.81322406543762,13745.7971410101,14269.9236138096,0.999855011486152,0.999872950006994,1.20338983050847,0.375,3.2090395480226,1.52542372881356,0.696428571428571,2.1903520208605,13.6856626249288,9.91239931469323e-06,0.000127964648122481,0.000127659688143776,0.000849765241438347,0.00336579732159836,0.0206991705143601,NA
"Bcam",0.166894134867778,0.387236242197565,2.74651333741112,1.86508606107431,14615.6394017505,11722.7318887596,0.999812119248092,0.999840925358451,1.86440677966102,0.642857142857143,2.90018832391714,2.28813559322034,1.14285714285714,2.0021186440678,13.6832287893426,0.00135050403252068,2.47327760316551e-06,0.00623874145457924,3.09159700395689e-05,0.00336963240931443,0.0206991705143601,NA
"Fabp5",0.00360615898295019,0.0584114413749228,8.19905545883947,5.72740346725727,3.68143795183988,7.69629633823307,0.309872479583268,0.573336445968887,7.49152542372881,4.28571428571429,1.74802259887006,8.16949152542373,5.39285714285714,1.51487260074082,13.6746633327266,5.41987197233418e-07,0.00316001954872114,1.21233978328528e-05,0.0158000977436057,0.0033831637799342,0.0207044554921816,NA
"Crip2",0.208664376964288,0.338356336980582,3.38410940358279,2.21310321977797,8.61539384698482,15898.5290705474,0.717979208562429,0.999860817614952,2.27118644067797,0.892857142857143,2.54372881355932,2.67796610169492,1.46428571428571,1.82885489871848,13.631168334619,0.00100185863061908,0.00443960839973212,0.00514316650620874,0.021200377189732,0.00345271045040374,0.0210512271491034,NA
"Filip1l",0.644632259450863,0.932767804815503,1.95548163861083,1.59362426127945,14458.0983503011,17359.7333913588,0.999864766641858,0.99990820838408,0.559322033898305,0.0535714285714286,10.4406779661017,0.694915254237288,0.107142857142857,6.48587570621469,13.4865949976088,0.0413230693936673,0.721318945221715,0.0753746973918823,0.999999861180693,0.00369421012689786,0.0224399232243535,NA
"Ppp1r15a",0.264372642959964,0.715712978008937,1.4285047857116,1.69597211507477,10146.3666819117,11940.644551747,0.999859230033773,0.99985798662233,0.728813559322034,0.267857142857143,2.72090395480226,1.05084745762712,0.482142857142857,2.17953546767106,13.4678491560874,0.00198232773995399,0.381801145337313,0.00835492775438151,0.721179941192703,0.00372672446778888,0.0225317070807157,NA
"Fam101b",0.793028136467284,0.519875597737896,1.06458434130864,1.93402715658501,15873.5751895702,11787.2846377847,0.999932938047321,0.99983594950509,0.152542372881356,0.535714285714286,0.284745762711864,0.220338983050847,0.928571428571429,0.23728813559322,13.4620165035553,0.0112019890929027,0.28470534513129,0.0293879343486645,0.580196732102245,0.00373689878756056,0.0225317070807157,NA
"Slc9a3r1",0.548359580181646,0.358267702526776,1.38853525145794,2.50438067590527,17156.8585206851,15142.5408333651,0.999919074760555,0.999834640264158,0.440677966101695,1.03571428571429,0.425482174167154,0.627118644067797,1.60714285714286,0.390207156308851,13.4325584730239,3.63624410752994e-05,0.0150668396985876,0.000342237001327898,0.0592908043694418,0.0037887063384674,0.022760096165646,NA
"Gm10600",0.888098555423982,0.691434761461591,0.605860017323186,2.02550288279362,13246.0655873156,11684.848366443,0.999954263226069,0.999826685655596,0.0508474576271186,0.357142857142857,0.142372881355932,0.0677966101694915,0.625,0.108474576271186,13.4052817467642,0.143302747771367,0.238485725097801,0.186821066879849,0.507699188671299,0.00383731150795452,0.022955321646881,NA
"Pou3f1",0.742190384617259,0.977589252421494,2.43248763538763,1.59362454940461,4.30974155782828,17664.4456822982,0.639216115964254,0.999909791633443,0.491525423728814,0.0178571428571429,27.5254237288136,0.627118644067797,0.0357142857142857,17.5593220338983,13.3986058692174,0.312631403334732,0.790320335818791,0.360076819558973,0.999999861180693,0.00384930118191273,0.022955321646881,NA
"Blvrb",0.752789448665672,0.528156406010929,0.959862490733955,2.04365852256482,10669.6474366497,18458.7624524792,0.999910046123541,0.999889297438569,0.169491525423729,0.553571428571429,0.306178239475123,0.23728813559322,0.964285714285714,0.246076585059636,13.2728024661943,0.0467588683524282,0.137576207296605,0.0828021627074249,0.351241651184469,0.0040823031130135,0.0242563028605966,NA
"Kif20a",0.593932382781534,0.865535609842088,2.50438380384725,1.59362426051418,12950.2699803815,16333.0833891109,0.999806652711347,0.999902439193673,0.864406779661017,0.107142857142857,8.06779661016949,1.01694915254237,0.214285714285714,4.74576271186441,13.0423860978219,0.00616435149053818,0.412414692239014,0.0196981156652536,0.755501052593021,0.00454583392439345,0.0269126544654308,NA
"Cdkn3",0.679602710363157,0.977589252421494,1.16381478735395,1.59362454940461,11055.601897565,17664.4456822982,0.999894741842449,0.999909791633443,0.305084745762712,0.0178571428571429,17.0847457627119,0.372881355932203,0.0357142857142857,10.4406779661017,13.0227281722696,0.281810005308797,0.890963106719965,0.331770781873237,0.999999861180693,0.00458771137314173,0.0270625284610599,NA
"Ocm",2.45932928663523e-13,0.8086499996663,0.0169491514263656,2.70633476042309,12488.0555038273,13614.36369392,0.999998642772815,0.999801254252587,0.0169491525423729,0.321428571428571,0.0527306967984934,0.0169491525423729,0.517857142857143,0.032729398012858,12.9775820767321,0.086626605977788,0.186422893017347,0.132910857547148,0.421434731555172,0.00468533714027441,0.0275389959971525,NA
"Calcrl",0.81053166813269,0.563912064515244,0.984020254234357,1.96552748036403,11390.0832611457,17390.8149795976,0.999913614744789,0.999886991761923,0.11864406779661,0.5,0.23728813559322,0.186440677966102,0.857142857142857,0.217514124293785,12.9454922225537,0.0448984258068021,0.212008082470471,0.0801757603692895,0.464026666446151,0.00475597669374761,0.0278539997046007,NA
"Gpr83",0.713545167300506,1,1.42004846400891,0,0.665995519973428,1,0.319262453278678,1,0.322033898305085,0,Inf,0.406779661016949,0,Inf,12.738183733931,0.931742969931302,0.999999513506485,0.94283514814477,0.999999861180693,0.00523840636336281,0.0304618785392142,NA
"Arg2",0.789267654726849,1,1.28687626902573,0,11651.5720432336,1,0.999889565618368,1,0.203389830508475,0,Inf,0.271186440677966,0,Inf,12.7381255788498,0.330437185303423,0.98537788713413,0.375496801481162,0.999999861180693,0.0052385482677596,0.0304618785392142,NA
"Fam111a",0.532033549924182,0.348446977560596,1.59362428920262,2.68589038771663,10292.6813453741,15248.2830892009,0.999845193149212,0.999823887230293,0.576271186440678,1.16071428571429,0.496479791395046,0.745762711864407,1.75,0.426150121065375,12.2703370493816,0.00127655349178601,0.0301330890600798,0.00602816926676729,0.104118397158812,0.00651220890731607,0.0376919083696092,NA
"Cdca2",0.460428511805391,0.805109263319482,1.88473490776466,1.74090219088278,16582.6686655607,19444.4166282836,0.999886356004756,0.999910475774551,0.779661016949153,0.178571428571429,4.36610169491525,1.01694915254237,0.339285714285714,2.99732381801963,12.2651131003984,0.00106828381083224,0.73049252558866,0.00540500737623454,0.999999861180693,0.00652803553769854,0.0376919083696092,NA
"Ly6e",3.44008396234693e-09,0.454015476802496,1.81355932211607,2.19132302913811,2.65412500073781,51.7344124859925,0.594071740288581,0.959364058585288,1.38983050847458,0.732142857142857,1.89830508474576,1.8135593220339,1.19642857142857,1.51581077662535,12.2423753636792,0.00198552400751184,0.296954380680327,0.00835492775438151,0.600979103757805,0.00659736644683584,0.0379580872328513,NA
"Cth",0.400491806621607,0.827424189349123,1.41359039799913,1.75906133902174,4.4303432336197,14103.6517775183,0.758109778942245,0.999875291733143,0.711864406779661,0.160714285714286,4.42937853107345,0.847457627118644,0.303571428571429,2.79162512462612,12.22636408724,0.0119107784420216,0.663027215787591,0.030311861304546,0.976389199319871,0.00664662346908962,0.0381073078894471,NA
"Asah1",0.339051793293099,0.73123837051718,1.71813077194878,1.99327132135725,14243.3102641657,17832.1451777863,0.999879387339617,0.999888232822289,0.88135593220339,0.303571428571429,2.90329012961117,1.13559322033898,0.535714285714286,2.11977401129944,12.1878497866441,0.000636879906825594,0.604876785721507,0.00370786247124489,0.94330680179345,0.0067666022461047,0.0385069244318803,NA
"Depdc1a",0.61433448261586,0.910357071354275,1.80185998019818,1.59362425349846,11282.8611000188,11291.6473704941,0.9998403266463,0.99985888689932,0.576271186440678,0.0714285714285714,8.06779661016949,0.694915254237288,0.142857142857143,4.86440677966102,12.1852131133725,0.0278797102524324,0.808159450564335,0.0563050926118562,0.999999861180693,0.00677489377816343,0.0385069244318803,NA
"Serpinf1",0.439338351534327,0.376059283920531,1.54176192347697,2.89061343024943,15824.9055193275,12533.2686156002,0.999902583195326,0.999769417939144,0.661016949152542,1.23214285714286,0.536477523949889,0.864406779661017,1.80357142857143,0.479275046148683,12.1813620703664,0.20133842254669,0.00545446299807162,0.24874659762309,0.0254741403756092,0.00678702217648808,0.0385069244318803,NA
"H2-Aa",1,0.839961930743212,0,2.23161188340879,1,16301.1765338129,1,0.999863119915574,0,0.214285714285714,0,0,0.357142857142857,0,12.1449992652918,0.106654283519664,0.975857389504067,0.154166082684005,0.999999861180693,0.0069026054145469,0.0390271877071614,NA
"Aebp1",0.776197117948306,0.679923814449466,0.605859876896469,2.23161207106905,11976.0838215222,19873.1205487563,0.999949413411133,0.999887719621116,0.101694915254237,0.446428571428571,0.227796610169492,0.135593220338983,0.714285714285714,0.189830508474576,11.8915779411032,0.174838619147974,0.059201513877407,0.218548273934968,0.19061093483256,0.00776394909125577,0.0437458372934894,NA
"Cpe",0.326860076418711,0.73507379742879,1.53593368329435,2.08953068137722,60.1836472092889,14257.0509935349,0.975114320915959,0.999853460264465,0.745762711864407,0.321428571428571,2.32015065913371,1.03389830508475,0.553571428571429,1.86768726079825,11.8739114804068,0.000518195071178118,0.473324072385266,0.00310187190493944,0.817734677901374,0.00782780688888063,0.0439540771698658,NA
"Shisa3",0.714619996273166,0.473607174230909,1.24722217700704,2.13718714975558,10727.9377221581,10975.9614441615,0.999883754247552,0.999805322649984,0.23728813559322,0.678571428571429,0.349687778768956,0.355932203389831,1.125,0.31638418079096,11.7920195181071,0.0369772009812176,0.146798746953463,0.068625809681299,0.364850686872643,0.00813065671324409,0.0454982639364412,NA
"Ccna2",0.385888570550411,0.572178821238166,3.78112774380215,2.50438371112526,15.3839235591834,11442.8472718165,0.802707142077249,0.99978118770078,2.08474576271186,0.696428571428571,2.99348109517601,2.32203389830508,1.07142857142857,2.16723163841808,11.7668725224239,0.0327323944604854,0.0218240601090717,0.0626331674361592,0.0792754320201322,0.00822595536521109,0.04587444050087,NA
"Lgmn",0.390807160563187,0.792942243990074,1.39111568101851,1.98357354779039,11532.8923636808,10229.1216808121,0.999879392969359,0.999806123239037,0.644067796610169,0.232142857142857,2.77444589308996,0.847457627118644,0.410714285714286,2.06337509211496,11.7514182216866,0.00173167779600603,0.449542987550297,0.00766628190940168,0.79276252991235,0.00828506825900144,0.0460469439973073,NA
"Slc29a1",0.612471792202338,0.593507262659757,0.656048968768762,2.10862952763624,13915.524073741,13644.6107371572,0.999952857108561,0.999845484510161,0.203389830508475,0.517857142857143,0.392752776154296,0.254237288135593,0.857142857142857,0.296610169491525,11.7398537282057,0.220631574169094,0.0217084299558278,0.269449479947888,0.0792754320201322,0.00832957676352652,0.0461373845139062,NA
"Dusp9",0.550922021949607,0.865535609842088,1.77387936916291,1.59362426051418,14792.4389058849,16333.0833891109,0.9998800964002,0.999902439193673,0.593220338983051,0.107142857142857,5.53672316384181,0.796610169491525,0.214285714285714,3.71751412429379,11.659396896163,0.0268514142893385,0.879818987731456,0.0559404464361218,0.999999861180693,0.00864583487881487,0.0476242066858025,NA
"Tpd52l1",0.471973652609458,0.876573835627805,1.02717011288914,2.02550219993782,16355.2944601113,14216.729405958,0.999937200420968,0.9998575471472,0.423728813559322,0.142857142857143,2.96610169491525,0.542372881355932,0.25,2.16949152542373,11.6567852131253,0.0153975165282317,0.263524922564155,0.0365583492988742,0.546332156535444,0.00865629705366178,0.0476242066858025,NA
"Cpb2",0.699019130222862,0.977589252421494,1.12626120696962,1.59362454940461,16095.1490388404,17664.4456822982,0.999930029700289,0.999909791633443,0.271186440677966,0.0178571428571429,15.1864406779661,0.338983050847458,0.0357142857142857,9.49152542372881,11.6339037328507,0.111667339428353,0.796690203870604,0.157669831418771,0.999999861180693,0.00874849428396107,0.0479699317449409,NA
"Snhg11",9.536192702922e-10,0.753481954032074,0.0338983061167312,1.59362419601342,17687.4039316276,10171.30764354,0.999998083481257,0.999843346145404,0.0338983050847458,0.196428571428571,0.172573189522342,0.0338983050847458,0.392857142857143,0.086286594761171,11.4545544812436,0.265977387634047,0.168543763051722,0.316499855361583,0.393577468664735,0.00950552553924966,0.0519465843850634,NA
"Spon1",0.84499480025698,1,2.07756839607405,0,13285.0629952791,1,0.999843640670006,1,0.220338983050847,0,Inf,0.322033898305085,0,Inf,11.2458326668249,0.11693349958082,0.974428996539219,0.162407638306695,0.999999861180693,0.010468194865463,0.0562732172967442,NA
"1810011O10Rik",0.829830372738187,1,1.59362433334999,0,11885.3867507265,1,0.999865935310477,1,0.186440677966102,0,Inf,0.271186440677966,0,Inf,11.2457804739692,0.49592806701268,0.990860283938537,0.529571428342686,0.999999861180693,0.0104684472254877,0.0562732172967442,NA
"Stbd1",0.793028157779878,1,1.06458434495561,0,11647.7596796003,1,0.999908610146326,1,0.152542372881356,0,Inf,0.220338983050847,0,Inf,11.2457745563322,0.350393469709017,0.989825389045565,0.390780449026922,0.999999861180693,0.0104684758384992,0.0562732172967442,NA
"Kitl",0.809746548081998,1,1.24722207089046,0,10184.3176776207,1,0.999877550034468,1,0.169491525423729,0,Inf,0.23728813559322,0,Inf,11.2457056998934,0.231481447996875,0.979399070579548,0.281890015468974,0.999999861180693,0.0104688087794411,0.0562732172967442,NA
"S100a1",0.213876580206702,0.327947994460039,1.57391060998454,3.18852917892875,1.3391933467054,95.2884633511775,0.459713544938876,0.967621582493454,1.01694915254237,1.46428571428571,0.69450186027284,1.23728813559322,2.14285714285714,0.577401129943503,11.2455760348322,0.0607645239602373,0.0104873433003846,0.100486080478992,0.0445712090266345,0.0104694357761385,0.0562732172967442,NA
"Cxcl12",0.882849591373059,0.589866826592079,2.0255041907939,2.04637202163477,12007.3456298868,11878.1793802835,0.999831339695628,0.999827749736049,0.152542372881356,0.482142857142857,0.31638418079096,0.23728813559322,0.839285714285714,0.282726289217454,11.1428650360909,0.00315685963895485,0.778926319406442,0.0118731446597859,0.999999861180693,0.0109779096699592,0.0588128013138139,NA
"Nkd1",0.310606403329015,0.651576603493726,2.16353304020209,2.0500509265374,18036.2989031271,15451.3597330562,0.999880060008005,0.99986733989746,1.1864406779661,0.410714285714286,2.88872512896094,1.49152542372881,0.714285714285714,2.08813559322034,11.1208876871967,0.000345700415931405,0.663736399815729,0.00219287577269921,0.976389199319871,0.0110898315745289,0.0592182509567982,NA
"Cbr1",0.181803599574268,0.370668072502785,2.5272619487409,1.73086031999528,29.3827175827127,10670.9269167746,0.920800264185385,0.999837822934442,1.72881355932203,0.589285714285714,2.93374422187982,2.06779661016949,1.08928571428571,1.89830508474576,11.0721490262869,5.34443641087012e-06,0.0102781701483458,8.11209098078501e-05,0.0441234577075449,0.0113420677677695,0.0602166893484967,NA
"Slc39a1",0.563367853157444,0.593074209724487,0.97044838299189,2.54521663712761,13682.1128727759,15737.9464897901,0.99992907677603,0.999838301325994,0.338983050847458,0.678571428571429,0.499553969669938,0.423728813559322,1.03571428571429,0.409117475160725,11.0705354920669,0.118564500034629,0.00656144669218095,0.164136522849242,0.0296661153635841,0.0113505142713201,0.0602166893484967,NA
"Sct",0.651830364763635,0.938286855925688,1.50910268062357,2.02550181232652,10183.516296883,11064.2442511085,0.999851831230515,0.999816966163165,0.389830508474576,0.0714285714285714,5.45762711864407,0.525423728813559,0.125,4.20338983050847,11.0366441713465,0.0525431216211185,0.761501307124548,0.0900436560039329,0.999999861180693,0.0115293679637681,0.0609675962873694,NA
"Wnk4",0.936186404964649,0.670968674239564,1.59362425934849,1.68242775965841,10117.9045646966,12516.4388941994,0.999842519438258,0.999865600618784,0.0677966101694915,0.303571428571429,0.22333000997009,0.101694915254237,0.553571428571429,0.183706943685074,10.9922204991211,0.0187656800841501,0.870152731204112,0.0421979578611842,0.999999861180693,0.011768016745851,0.0620288366539374,NA
"Hist3h2ba",0.115963118462461,0.225447163973839,4.02621441047195,2.90490181328198,34.3878476634611,15676.1671540771,0.895189048147968,0.999814727440315,3.15254237288136,1.51785714285714,2.07696909272183,3.5593220338983,2.25,1.5819209039548,10.9341244152559,0.00494437164591566,6.43643692121998e-07,0.0167447822819842,9.76959175542318e-06,0.0120874754696436,0.0635078293163912,NA
"Pcolce",0.817441988420091,0.704693696170327,0.464212783876855,1.87456690384959,14417.1405550455,17331.9415676505,0.999967802364446,0.999891854921657,0.0677966101694915,0.321428571428571,0.210922787193974,0.0847457627118644,0.553571428571429,0.153089119737561,10.8658323349201,0.0482262963284026,0.162531741145609,0.0850463731932411,0.385899385401585,0.0124739403602893,0.0653282645792072,NA
"Ncam1",0,0.0245145481395077,7.22033898305085,5.14395886863631,5.6577493835178,4.88433022413115,0.439331461508312,0.48705518747498,6.67796610169492,3.875,1.72334609075998,7.22033898305085,5.01785714285714,1.43892876530551,10.7423456899155,5.82855876285482e-06,0.013322353561914,8.5418533593562e-05,0.0544423102289756,0.0132039046858152,0.0688089147999181,NA
"Afap1l1",0.651830364763635,0.932767804815503,1.50910268062357,1.59362426127945,10183.516296883,17359.7333913588,0.999851831230515,0.99990820838408,0.423728813559322,0.0535714285714286,7.90960451977401,0.525423728813559,0.107142857142857,4.90395480225989,10.7391498810534,0.0372649218605063,0.891383037509972,0.06885909474224,0.999999861180693,0.0132233441554384,0.0688089147999181,NA
"Id1",0.44570560186394,0.731129153684184,3.33298988876443,2.65661267985883,2.72985464051767,11788.8932298772,0.450259713461745,0.999774701992925,1.50847457627119,0.464285714285714,3.2490221642764,1.84745762711864,0.714285714285714,2.5864406779661,10.732337529975,0.00873068516247411,0.177547526505489,0.0239389754454935,0.410096188939308,0.0132648764761164,0.0688089147999181,NA
"Gas2l3",0.521807798005204,0.977589252421494,0.602551279118183,1.59362454940461,1.2849879348074,17664.4456822982,0.680774166346969,0.999909791633443,0.254237288135593,0.0178571428571429,14.2372881355932,0.288135593220339,0.0357142857142857,8.06779661016949,10.6477286965933,0.338347517996579,0.779408915959573,0.380417182932661,0.999999861180693,0.0137915362448083,0.0713144627342304,NA
"Fxyd1",1,0.854637309096214,0,1.96552618789378,1,12413.5024174612,1,0.999841687305157,0,0.160714285714286,0,0,0.285714285714286,0,10.5531455198455,0.0747525831825665,0.987870147011034,0.117666103157744,0.999999861180693,0.0144046804845065,0.0742499934122511,NA
"Cldn3",0.525919268864608,0.955178537224486,0.965293660029659,1.5936242269606,0.76767754220417,10501.3273580076,0.442983438625305,0.999848268474108,0.355932203389831,0.0357142857142857,9.96610169491525,0.457627118644068,0.0714285714285714,6.40677966101695,10.5429073206466,0.184978289134263,0.616833501090746,0.229200504029334,0.950034614086341,0.0144726391419818,0.0743656992389884,NA
"Qdpr",0.35567428928722,0.187481565670899,2.02550633794816,2.90103370146687,18366.1597966479,12026.9255256029,0.999889727466021,0.999758846589586,1.06779661016949,1.58928571428571,0.671872024376309,1.30508474576271,2.35714285714286,0.553672316384181,10.5059268782771,0.025765222313743,5.91813832567789e-05,0.0542090073432712,0.000440162727792802,0.0147207455681068,0.075403442815945,NA
"Alpl",0.642724270800132,0.941271093099295,1.09111948257791,2.43248427546192,12699.6181344941,17980.490313307,0.999914089877915,0.999864733652986,0.271186440677966,0.0892857142857143,3.03728813559322,0.389830508474576,0.142857142857143,2.72881355932203,10.4869470734859,0.0591101259307147,0.21210275242057,0.0982876094926825,0.464026666446151,0.014849704590927,0.0758263040674212,NA
"Cldn5",0.796966192586325,0.977589252421494,2.50438379300888,1.59362454940461,11518.1898019432,17664.4456822982,0.999782618672744,0.999909791633443,0.406779661016949,0.0178571428571429,22.7796610169492,0.508474576271186,0.0357142857142857,14.2372881355932,10.4252666403803,0.0553617213087148,0.790509678377692,0.093367982365888,0.999999861180693,0.0152765213789596,0.0777627287639253,NA
"Tgm2",0.69490691174732,0.977589252421494,0.944418581547235,1.59362454940461,15908.1315413781,17664.4456822982,0.999940636490521,0.999909791633443,0.220338983050847,0.0178571428571429,12.3389830508475,0.288135593220339,0.0357142857142857,8.06779661016949,10.3857136878837,0.172010410837428,0.77632554602361,0.216285279899133,0.999999861180693,0.0155565499967791,0.0788255991678337,NA
"Tspan12",0.529182192674876,0.887946338822034,1.1519815413786,1.59362424455655,15694.2789405411,10120.585122111,0.999926604019533,0.999842561143753,0.389830508474576,0.0892857142857143,4.36610169491525,0.542372881355932,0.178571428571429,3.03728813559322,10.3821811016103,0.0314677510323221,0.507857672782694,0.0610675533732279,0.853120596571719,0.0155818044866648,0.0788255991678337,NA
"Fyb",0.747780222671292,0.977589252421494,1.34399868959233,1.59362454940461,13195.7113624703,17664.4456822982,0.999898159198942,0.999909791633443,0.203389830508475,0.0178571428571429,11.3898305084746,0.338983050847458,0.0357142857142857,9.49152542372881,10.1786095722315,0.0750356066591137,0.935734171223803,0.117675766900824,0.999999861180693,0.0171073379814256,0.0862758958692884,NA
"Pcp4",0.296066066253369,0.635111348219306,4.3580738320789,3.9150886812655,1.21371403036662,1.26530232762255,0.217832060432018,0.244248421683161,2.83050847457627,1.03571428571429,2.73290473407364,3.06779661016949,1.42857142857143,2.14745762711864,10.0312931394984,0.132523206088807,0.93144825379162,0.178357394548432,0.999999861180693,0.0183019966757005,0.0918227587064971,NA
"Notch2",0.703171500950663,0.470976362260096,1.99852553707138,2.90292184034072,33.6978676344015,11650.7895589185,0.944013236086033,0.999750901111804,0.440677966101695,1.05357142857143,0.418270611893134,0.593220338983051,1.53571428571429,0.386283011430824,10.0291943833157,0.0533464048327537,0.217428165123396,0.0910531006181538,0.471464133558384,0.0183195956782852,0.0918227587064971,NA
"Sdc4",0.202163968159276,0.341690120920278,1.76324509003474,2.98383445902818,14954.0450136988,11420.6930895711,0.999882102989051,0.999738802622057,1.06779661016949,1.33928571428571,0.79728813559322,1.40677966101695,1.96428571428571,0.71617873651772,9.87964124407836,0.012119506722014,0.00671036137207681,0.0306594664098569,0.0300200377171857,0.0196174292286828,0.0980271540051001,NA
"Fam132a",0.137320755101189,0.111548451007437,1.88612130568762,2.89428115484739,76.3499033242536,11394.7371986341,0.975891907665183,0.999746062928953,1.20338983050847,1.75,0.687651331719128,1.6271186440678,2.57142857142857,0.632768361581921,9.84640337017885,1.73105718648259e-09,1.45987604476261e-05,1.15963425766681e-07,0.000125378584186375,0.0199179151722,0.0992252237541914,NA
"Lig1",0.309665754159967,0.170918508233141,3.53550129118876,4.7169236194762,14.2857610499371,347.855778804636,0.801613307547248,0.986621415705059,2.10169491525424,3,0.700564971751413,2.4406779661017,3.91071428571429,0.624100301834223,9.81206040347956,0.0295188810901025,0.0519426191429293,0.0586239460901568,0.171128783998023,0.0202331406232792,0.100489215132031,NA
"Prr15l",0.842444106234402,1,1.39848146432733,0,13294.1031649777,1,0.999894815441981,1,0.152542372881356,0,Inf,0.220338983050847,0,Inf,9.77404034061954,0.593284133877274,0.989565932593706,0.614989650970345,0.999999861180693,0.0205878340642051,0.101632993537496,NA
"Adgrf5",0.842444106234402,1,1.39848146432733,0,13294.1031649777,1,0.999894815441981,1,0.169491525423729,0,Inf,0.220338983050847,0,Inf,9.77404034061954,0.593284133877274,0.989565932593706,0.614989650970345,0.999999861180693,0.0205878340642051,0.101632993537496,NA
"Pik3r1",0.611232867125315,0.910357071354275,1.35151084327413,1.59362425349846,10294.3859465978,11291.6473704941,0.999868731030792,0.99985888689932,0.389830508474576,0.0714285714285714,5.45762711864407,0.525423728813559,0.142857142857143,3.67796610169492,9.74503812033342,0.0159464638118008,0.726581367128255,0.0372376215385457,0.999999861180693,0.0208624981893472,0.10267868084757,NA
"Pdzd2",0.653390734765333,0.876573835627805,2.93399327303909,2.02550219993782,13.0458115847983,14216.729405958,0.816393673193068,0.9998575471472,0.864406779661017,0.142857142857143,6.05084745762712,1.01694915254237,0.25,4.06779661016949,9.73572720991871,0.0151871098529708,0.447033414064514,0.0362613577950145,0.79276252991235,0.0209514374079324,0.102806752926611,NA
"Nfkbiz",0.694180787217576,0.955178537224486,1.27470902094848,1.5936242269606,16563.5025188972,10501.3273580076,0.999923047016968,0.999848268474108,0.305084745762712,0.0357142857142857,8.54237288135593,0.389830508474576,0.0714285714285714,5.45762711864407,9.66880275680104,0.0784240179845923,0.894257918305228,0.122088672686636,0.999999861180693,0.0216017576323101,0.105680455003577,NA
"Slc25a10",0.339966979654168,0.775892685109593,1.02717108284654,1.59362426851797,17446.1874274158,10509.8867430694,0.999941126930202,0.999848392023499,0.525423728813559,0.178571428571429,2.94237288135593,0.677966101694915,0.357142857142857,1.89830508474576,9.66027229878296,0.00564100898050635,0.409490968410737,0.0188773922576,0.755501052593021,0.0216860611220305,0.105776190666859,NA
"Ccdc184",9.536192702922e-10,0.810507637202067,0.0338983061167312,1.88473483475772,17687.4039316276,10727.5887821384,0.999998083481257,0.999824340417843,0.0338983050847458,0.214285714285714,0.15819209039548,0.0338983050847458,0.357142857142857,0.0949152542372881,9.5835663186715,0.42967184626698,0.125709979490988,0.46230515104675,0.331843113563168,0.0224587732190562,0.109219153095053,NA
"Hsd11b2",0.190733844632387,0.576713849205557,1.61267689610245,1.85622490695864,1.08974044626176,14002.3852187316,0.403246541227565,0.999867452663221,1.15254237288136,0.428571428571429,2.68926553672316,1.30508474576271,0.785714285714286,1.66101694915254,9.54366383629826,0.00754471667809986,0.0324993121098478,0.0218129563822615,0.110497661173483,0.0228713587699635,0.110895549644274,NA
"Pls3",0.371301837525629,0.70469328917286,1.80626139498908,1.87456671125224,14658.8450135052,15072.9531389215,0.999876795282752,0.999875649211529,0.864406779661017,0.321428571428571,2.68926553672316,1.13559322033898,0.553571428571429,2.05139420448332,9.34484970844488,0.00229211866839762,0.673588285623957,0.00927762318160943,0.980393908870485,0.0250404900290204,0.121053729903608,NA
"Ppp1r14a",5.84074752137173e-08,0.882542263340499,0.0677966182223145,2.43248572181016,13683.3898794922,19233.1127031838,0.999995045359161,0.999873542148251,0.0677966101694915,0.178571428571429,0.379661016949153,0.0677966101694915,0.285714285714286,0.23728813559322,9.33177918001752,0.115402831082488,0.0108342844151142,0.160807223639533,0.0451428517296427,0.0251899582413799,0.121417084856681,NA
"Ckap2l",0.539853651831577,0.827424190592829,1.87854751622228,1.75906133419669,15287.9225693701,18581.1725037244,0.999877137217034,0.999905339944452,0.711864406779661,0.178571428571429,3.9864406779661,0.864406779661017,0.303571428571429,2.84745762711864,9.24965199633436,0.00177944239739547,0.621765526047612,0.00779652596796984,0.952555691435011,0.0261493410082616,0.125670656492645,NA
"H2-DMa",0.888098555423982,0.748910142733506,0.605860017323186,1.92020046235975,13246.0655873156,17628.0340974249,0.999954263226069,0.999891083072031,0.0508474576271186,0.267857142857143,0.189830508474576,0.0677966101694915,0.482142857142857,0.140615191462649,9.2337038817905,0.132023544463677,0.312884536083291,0.178357394548432,0.627244942619805,0.0263397514887158,0.126214527661471,NA
"Actr3",0.118313987060033,0.255347098140154,3.24878787633805,2.42202965728285,11580.0401437735,14538.6607850039,0.999719528029085,0.99983343539899,2.47457627118644,1.14285714285714,2.16525423728814,2.86440677966102,1.80357142857143,1.58818593723779,9.13396484285357,3.08119154301956e-07,6.05182987944985e-07,8.1844150361457e-06,9.52602851394884e-06,0.0275617695966367,0.131613243072943,NA
"Selenbp1",0.546356646760795,0.898376805204035,0.821970836401192,2.10862997600899,18991.5638685547,10284.5001418869,0.999956721033189,0.999795012134439,0.271186440677966,0.125,2.16949152542373,0.372881355932203,0.214285714285714,1.74011299435028,9.12872323213995,0.0129044875782197,0.152085850926724,0.0320725568464525,0.372618836209352,0.0276275045128639,0.131613243072943,NA
"Bex4",0.186198221246869,0.479941253561072,3.20737736691509,3.43368265529955,9.62252689472356,30.7771515723654,0.750007692847317,0.899631718056064,2.22033898305085,1.30357142857143,1.70327374042257,2.61016949152542,1.78571428571429,1.46169491525424,9.08083265587419,0.00225330081492459,0.816090363794894,0.00920820044560528,0.999999861180693,0.0282352550748519,0.134117461605547,NA
"Mgst1",0.219285764804742,0.44458236325362,2.605176459129,2.02550373328731,17.4666916944354,15486.5932883765,0.870207574143198,0.999869226316402,1.69491525423729,0.642857142857143,2.63653483992467,2.03389830508475,1.125,1.80790960451977,9.04458050356129,0.00115381948118276,0.0859934622595628,0.00563647447704222,0.25380014902996,0.0287039990007016,0.135948795267091,NA
"Gm11627",1,0.865535609842088,0,1.59362426051418,1,16333.0833891109,1,0.999902439193673,0,0.107142857142857,0,0,0.214285714285714,0,8.98339299505452,0.250804113259196,0.983964552208691,0.30025844545115,0.999999861180693,0.0295125025131586,0.139374072562142,NA
"Srgap1",0.203256360322971,0.814860746168571,0.680737112015643,2.02550239700526,1.39188290222278,11710.5968244206,0.67155720424432,0.999827066702871,0.440677966101695,0.214285714285714,2.05649717514124,0.542372881355932,0.375,1.44632768361582,8.91349615727074,0.00489781892793506,0.127905773026218,0.0167447822819842,0.33555526874162,0.0304633879708432,0.143450074767602,NA
"Mxd3",0.620104344233427,0.955178537224486,0.803074891297821,1.5936242269606,8.29554904435563,10501.3273580076,0.911736665129006,0.999848268474108,0.23728813559322,0.0357142857142857,6.64406779661017,0.305084745762712,0.0714285714285714,4.27118644067797,8.89926321445969,0.169022536336454,0.712817004975329,0.214431575949233,0.999999861180693,0.0306606576309714,0.143964122324733,NA
"Chpt1",0.678625152505975,0.515202083754495,1.00205072565023,1.87854768563078,18057.6159955543,14275.9309577978,0.999944511217687,0.999868428859139,0.203389830508475,0.517857142857143,0.392752776154296,0.322033898305085,0.910714285714286,0.353605849119309,8.84732885405978,0.00588534838393839,0.175213365890215,0.0193897136680141,0.406916286903506,0.0313911318338809,0.146971660219373,NA
"Ivns1abp",0.00235459468754722,0.0366336961345571,4.99481164689467,4.04089018364029,12.9581507013653,17988.3059273662,0.721783427714994,0.99977541061071,4.42372881355932,2.875,1.53868828297716,4.98305084745763,3.89285714285714,1.28004975897994,8.8039271119635,1.11022302462516e-16,1.35969013825843e-12,4.71844785465692e-14,6.42075898622036e-11,0.0320146308196106,0.149462590740697,NA
"Pde3a",2.45932928663523e-13,0.820714119253762,0.0169491514263656,1.59362440911332,12488.0555038273,15517.3797528171,0.999998642772815,0.999897311222181,0.0169491525423729,0.160714285714286,0.105461393596987,0.0169491525423729,0.285714285714286,0.0593220338983051,8.75069171408255,0.629449313056842,0.411048497923202,0.647738397213457,0.755501052593021,0.0327959571950641,0.152674057141694,NA
"Kcnk1",0.744745462652386,0.95999049891711,1.59362286681746,2.2316119979075,17422.3524326791,10002.757568401,0.999908538349365,0.999776950083836,0.288135593220339,0.0535714285714286,5.37853107344633,0.406779661016949,0.0892857142857143,4.55593220338983,8.63432519811109,0.0377228189617735,0.78411947052006,0.0694034547997998,0.999999861180693,0.0345693411811889,0.160472453096769,NA
"Tm6sf1",0.699019130222862,0.955178537224486,1.12626120696962,1.5936242269606,16095.1490388404,10501.3273580076,0.999930029700289,0.999848268474108,0.271186440677966,0.0357142857142857,7.59322033898305,0.338983050847458,0.0714285714285714,4.74576271186441,8.53981459975813,0.0592038306591217,0.73539631877982,0.0982876094926825,0.999999861180693,0.0360783264139697,0.16700279138931,NA
"Samhd1",0.623773942909836,0.488276374245259,1.12626120080203,2.05886794811679,14958.5179912377,17281.2081237668,0.999924713370064,0.999880875071299,0.271186440677966,0.607142857142857,0.44666001994018,0.423728813559322,1.05357142857143,0.402183280666475,8.42802722786715,0.204414559167748,0.114938986491078,0.251815036655922,0.307226850683698,0.037946354999313,0.175153514318863,NA
"Ptprc",0.872372899489783,1,1.59362640947075,0,16528.1832802086,1,0.999903590567588,1,0.135593220338983,0,Inf,0.203389830508475,0,Inf,8.32209205078286,0.380719422342173,0.991814030593109,0.413921666244007,0.999999861180693,0.03980356512746,0.18017310917498,NA
"Cited4",0.873138286708815,1,2.53846284388271,0,1.92003470724217,1,0.430646128034263,1,0.254237288135593,0,Inf,0.322033898305085,0,Inf,8.3220756532361,0.949808063199213,0.999999691820066,0.956560253221957,0.999999861180693,0.039803859357791,0.18017310917498,NA
"Cdkn2c",0.776197117948306,1,0.605859876896469,0,11976.0838215222,1,0.999949413411133,1,0.101694915254237,0,Inf,0.135593220338983,0,Inf,8.32207336846891,0.529078823025336,0.994150163349602,0.562146249464419,0.999999861180693,0.0398039003548118,0.18017310917498,NA
"Notum",0.776197117948306,1,0.605859876896469,0,11976.0838215222,1,0.999949413411133,1,0.11864406779661,0,Inf,0.135593220338983,0,Inf,8.32207336846891,0.529078823025336,0.994150163349602,0.562146249464419,0.999999861180693,0.0398039003548118,0.18017310917498,NA
"Slc7a11",0.849509579555632,1,1.12626123183619,0,11543.8033789358,1,0.999902445379319,1,0.11864406779661,0,Inf,0.169491525423729,0,Inf,8.32205305583009,0.554464896784607,0.991058438962822,0.581845879341871,0.999999861180693,0.0398042648391336,0.18017310917498,NA
"Slc22a8",0.84950957872268,1,1.12626122055549,0,11714.1487191761,1,0.999903863868117,1,0.11864406779661,0,Inf,0.169491525423729,0,Inf,8.3220341285092,0.5381651505175,0.992873717899781,0.567543893225651,0.999999861180693,0.0398046044686282,0.18017310917498,NA
"Gcnt1",0.863438910652472,1,1.3652546485038,0,10213.6853955933,1,0.99986634871473,1,0.135593220338983,0,Inf,0.186440677966102,0,Inf,8.32197380579697,0.373544602342259,0.990483622181531,0.410223400505065,0.999999861180693,0.0398056869107514,0.18017310917498,NA
"Hist1h2ap",0.413512170460659,0.613369681788727,5.95327806855582,3.92586147523076,1.07386598265568,3.24707799894062,0.152816844913055,0.452684427441892,3.23728813559322,1.16071428571429,2.7890482398957,3.49152542372881,1.51785714285714,2.30029910269192,8.1854572890233,0.0881468197170142,0.0640919972875922,0.134718295986811,0.204805254490426,0.0423303945575761,0.19107144946707,NA
"Rgs5",0.709773196346461,0.832244708723544,0.525597122263957,3.19342720319775,15665.7002876947,1.99770227620478,0.999966450303594,0.384829984328324,0.135593220338983,0.375,0.361581920903955,0.152542372881356,0.535714285714286,0.284745762711864,8.16838126366741,0.288204710237106,0.0181343676260417,0.338361883565664,0.0700646021915248,0.0426569803055356,0.19201516754613,NA
"BC028528",0.664295671408592,2.16001639034695e-13,0.605860010983846,0.0178571424349252,11898.8448272306,13409.1220825549,0.999949085043763,0.999998668285773,0.169491525423729,0.0178571428571429,9.49152542372881,0.203389830508475,0.0178571428571429,11.3898305084746,8.10783205723992,0.644557824709147,0.679584120220336,0.661683757249728,0.985744884278644,0.0438349254362406,0.196613646232875,NA
"Mmp23",0.717902871806962,0.568008419274833,1.08148830433955,2.02550243617032,15345.1781415363,12776.7802778296,0.999929527563691,0.999841495170128,0.203389830508475,0.5,0.406779661016949,0.305084745762712,0.875,0.348668280871671,8.10356089262785,0.139094585948109,0.153906235672181,0.183019192036985,0.37377228663244,0.0439192049418601,0.196613646232875,NA
"Shisa5",0.524366548336291,0.836691067653614,1.24722164919194,2.07756830832711,10899.7167959661,10350.5197566506,0.999885586114478,0.9997993191232,0.423728813559322,0.214285714285714,1.9774011299435,0.593220338983051,0.339285714285714,1.74843889384478,8.04644460748452,0.00913924569952529,0.331792803002139,0.0248985860403734,0.646843767320683,0.0450615246430712,0.201176314936553,NA
"Cotl1",0.116084150707453,0.359512737489169,2.91461144018278,2.95533924733948,9.16731174855712,18951.2276583899,0.758762624571299,0.999844079839911,2.16949152542373,1.30357142857143,1.66426747155793,2.57627118644068,1.89285714285714,1.36104892868564,7.80024021331002,2.67729607675848e-05,7.46347821416471e-05,0.000270916864910085,0.00052866304017,0.0503256805557154,0.224065836588662,NA
"Rspo3",2.45932928663523e-13,0.909449676600884,0.0169491514263656,4.33854853200007,12488.0555038273,136.764572132745,0.999998642772815,0.969252639406124,0.0169491525423729,0.303571428571429,0.0558325024925224,0.0169491525423729,0.392857142857143,0.0431432973805855,7.77622884008815,0.5651440885444,0.105736148324303,0.591591718303867,0.289921697018249,0.0508700012309151,0.225873864161183,NA
"Irgm1",0.752789448665672,0.977589252421494,0.959862490733955,1.59362454940461,10669.6474366497,17664.4456822982,0.999910046123541,0.999909791633443,0.152542372881356,0.0178571428571429,8.54237288135593,0.23728813559322,0.0357142857142857,6.64406779661017,7.73958744669655,0.171575512620399,0.851214175863016,0.216285279899133,0.999999861180693,0.0517116878463375,0.228988883308714,NA
"Adamts1",1.09926742242754e-07,0.894178484297315,0.542372848278535,1.85622440340545,0.176403096633026,13185.9434555604,0.245421536268483,0.999859246845687,0.457627118644068,0.107142857142857,4.27118644067797,0.542372881355932,0.196428571428571,2.76117103235747,7.72464430645726,0.0310346136827366,0.144996490919096,0.0608753156167394,0.364034135201565,0.05205881950041,0.229903002874784,NA
"Spc25",0.312145078917407,0.348447002882732,3.42504169657488,2.68589073033213,3.71428076549743,18171.3078295369,0.520256758989325,0.999852212410124,2.06779661016949,1.16071428571429,1.78148631029987,2.35593220338983,1.75,1.34624697336562,7.70894787085803,0.15303006744025,0.0217048765129109,0.197084177763958,0.0792754320201322,0.0524258899704394,0.230900011352286,NA
"Ntm",0.740178786066179,0.932767804815503,2.08748492137994,1.59362426127945,9.34648932400809,17359.7333913588,0.81743137805108,0.99990820838408,0.423728813559322,0.0535714285714286,7.90960451977401,0.542372881355932,0.107142857142857,5.06214689265537,7.69293513215885,0.106861888745238,0.756396334174565,0.154166082684005,0.999999861180693,0.0528029497715704,0.231935537437489,NA
"Irf8",5.84074752137173e-08,0.876573835627805,0.0677966182223145,2.02550219993782,13683.3898794922,14216.729405958,0.999995045359161,0.9998575471472,0.0677966101694915,0.142857142857143,0.474576271186441,0.0677966101694915,0.25,0.271186440677966,7.62877520161217,0.0901735799089207,0.0270888566154939,0.136870612361755,0.0951468104263214,0.0543403695275302,0.238048696536151,NA
"Pxmp2",0.709773196346461,0.699430570155844,0.525597122263957,1.78233116383339,15665.7002876947,12301.7675208313,0.999966450303594,0.999855136835688,0.11864406779661,0.285714285714286,0.415254237288136,0.152542372881356,0.535714285714286,0.284745762711864,7.54405257713722,0.542508382311772,0.110392391171484,0.570708075451741,0.298832906037456,0.056437291328468,0.246573620402986,NA
"Spag11b",1,0.907189859431398,0,3.27089668437553,1,13766.2927265585,1,0.999762454586516,0,0.214285714285714,0,0,0.303571428571429,0,7.43562945522174,0.146597456509326,0.98349279242968,0.190531862435668,0.999999861180693,0.0592356797348802,0.255406656625202,NA
"Fgf20",1,0.901329686839727,0,2.35271173527561,1,14902.0764448118,1,0.999842146806794,0,0.142857142857143,0,0,0.232142857142857,0,7.43550856922896,0.244076916695499,0.993274175050716,0.294695140896554,0.999999861180693,0.0592388736976968,0.255406656625202,NA
"Zim1",1,0.887946338822034,0,1.59362424455655,1,10120.585122111,1,0.999842561143753,0,0.0892857142857143,0,0,0.178571428571429,0,7.43544364052625,0.107734886016822,0.979445367596099,0.154166082684005,0.999999861180693,0.0592405892661881,0.255406656625202,NA
"Col6a2",1,0.887946338822034,0,1.59362424455655,1,10120.585122111,1,0.999842561143753,0,0.0892857142857143,0,0,0.178571428571429,0,7.43544364052625,0.107734886016822,0.979445367596099,0.154166082684005,0.999999861180693,0.0592405892661881,0.255406656625202,NA
"Zbtb7c",1,0.887946338822034,0,1.59362424455655,1,10120.585122111,1,0.999842561143753,0,0.0892857142857143,0,0,0.178571428571429,0,7.43544364052625,0.107734886016822,0.979445367596099,0.154166082684005,0.999999861180693,0.0592405892661881,0.255406656625202,NA
"Cryz",0.305770382902953,0.660350661266309,1.31837395983009,1.84013312748891,18923.7201765669,15022.7304496286,0.999930337052878,0.99987752507685,0.627118644067797,0.339285714285714,1.84834968777877,0.915254237288136,0.625,1.46440677966102,7.37993091268919,0.00303240185332787,0.323865922997263,0.0116105476366157,0.64319166950391,0.0607251399298698,0.26111810169844,NA
"Aplp1",0.619493237179319,0.894178484297315,1.24722164619302,1.85622440340545,13658.1439351276,13185.9434555604,0.999908691270945,0.999859246845687,0.288135593220339,0.107142857142857,2.68926553672316,0.474576271186441,0.196428571428571,2.41602465331279,7.36927662169859,0.00744230849982774,0.578137205670041,0.0218129563822615,0.912600887802236,0.0610141609762402,0.261672280932222,NA
"Tspo",0.354413062116163,0.658414648870394,1.23393167145422,2.19564470066739,13252.2206440222,12065.8909706279,0.999906897355372,0.999818061904041,0.627118644067797,0.464285714285714,1.35071707953064,0.796610169491525,0.75,1.06214689265537,7.3191555796713,0.00481900856806217,0.0917961446040123,0.0167447822819842,0.263603793626387,0.062391797590468,0.266880097546661,NA
"Dlk1",0.611844801688752,0.932767804815503,0.742325956926561,1.59362426127945,14626.8386050586,17359.7333913588,0.999949251625376,0.99990820838408,0.220338983050847,0.0535714285714286,4.11299435028249,0.288135593220339,0.107142857142857,2.68926553672316,7.20578490118848,0.0807534433656166,0.503874472419304,0.125256253395573,0.849788296738906,0.065620058656108,0.279956072699949,NA
"Osr2",0.730169293231393,0.932767804815503,1.69597515722235,1.59362426127945,11565.7813943845,17359.7333913588,0.999853384181958,0.99990820838408,0.355932203389831,0.0535714285714286,6.64406779661017,0.457627118644068,0.107142857142857,4.27118644067797,7.16678876661834,0.0839435826540937,0.935547262225628,0.129260951550688,0.999999861180693,0.0667674362720825,0.284109351220268,NA
"Blvra",0.664295671408592,0.682535373903424,0.605860010983846,1.85622485294094,11898.8448272306,13580.6332066698,0.999949085043763,0.999863336919031,0.152542372881356,0.339285714285714,0.449598572702944,0.203389830508475,0.589285714285714,0.345146379044684,7.14926175894936,0.32596690404377,0.0738834462138804,0.372408425318823,0.22428903314928,0.0672894356599761,0.285175920025408,NA
"Neurl3",0.757911030363746,0.955178537224486,1.47025316656673,1.5936242269606,14265.9620115554,10501.3273580076,0.999896950401496,0.999848268474108,0.23728813559322,0.0357142857142857,6.64406779661017,0.355932203389831,0.0714285714285714,4.98305084745763,7.14666399978078,0.0547084641944404,0.85699136846343,0.092633853715686,0.999999861180693,0.0673671390023303,0.285175920025408,NA
"Gpr137b",0.546356646760795,0.887946338822034,0.821970836401192,1.59362424455655,18991.5638685547,10120.585122111,0.999956721033189,0.999842561143753,0.271186440677966,0.0892857142857143,3.03728813559322,0.372881355932203,0.178571428571429,2.08813559322034,7.05485428360129,0.0333677588887575,0.429939323351702,0.0630279890120976,0.774255137391837,0.0701697800610066,0.296265890675049,NA
"Ptgr1",0.694287812204316,0.919980966022905,1.49692275064711,2.23161190387542,16468.2500355287,13895.991707786,0.999909110762027,0.999839431857401,0.338983050847458,0.107142857142857,3.1638418079096,0.457627118644068,0.178571428571429,2.56271186440678,7.04908703161047,0.0276927516707048,0.559015566991354,0.0563050926118562,0.906800060959257,0.07034955053973,0.296265890675049,NA
"Rarres2",9.536192702922e-10,0.849715366262648,0.0338983061167312,1.78233328328745,17687.4039316276,17278.112628524,0.999998083481257,0.999896855085796,0.0338983050847458,0.142857142857143,0.23728813559322,0.0338983050847458,0.267857142857143,0.126553672316384,7.01848954414399,0.379745180633269,0.15683511019082,0.413921666244007,0.376581479271744,0.0713107769676143,0.298773870679697,NA
"Scarf2",9.536192702922e-10,0.849715366262648,0.0338983061167312,1.78233328328745,17687.4039316276,17278.112628524,0.999998083481257,0.999896855085796,0.0338983050847458,0.142857142857143,0.23728813559322,0.0338983050847458,0.267857142857143,0.126553672316384,7.01848954414399,0.379745180633269,0.15683511019082,0.413921666244007,0.376581479271744,0.0713107769676143,0.298773870679697,NA
"Hist1h1b",0.427488334596923,0.671550539310112,3.16772488408726,2.71840033760493,5.45880359306822,24.9769502044973,0.632792624231644,0.901846328557118,1.57627118644068,0.589285714285714,2.6748844375963,1.8135593220339,0.892857142857143,2.03118644067797,6.9973968404322,0.0298592062433848,0.571716253632075,0.0590240123415746,0.912600887802236,0.0719807903432489,0.30080974787946,NA
"Cd200",0.884295059313881,1,1.31837393165456,0,17679.9818396182,1,0.999925436822194,1,0.101694915254237,0,Inf,0.152542372881356,0,Inf,6.88968412798144,0.219863061834868,0.994668515862963,0.269284729913023,0.999999861180693,0.075498282473764,0.309794559474675,NA
"Adamtsl1",0.90634679663757,1,2.35271165309027,0,12586.8666162259,1,0.999813116954132,1,0.152542372881356,0,Inf,0.220338983050847,0,Inf,6.88960539584139,0.333243997618268,0.993548794634461,0.375897040940581,0.999999861180693,0.0755009133061889,0.309794559474675,NA
"Rrad",0.867993411801254,1,1.02717018518171,0,16046.5363113795,1,0.999935992140716,1,0.0847457627118644,0,Inf,0.135593220338983,0,Inf,6.88959436938647,0.309608958568905,0.990913740992277,0.357564693999415,0.999999861180693,0.075501281761963,0.309794559474675,NA
"Me1",0.867993411801254,1,1.02717018518171,0,16046.5363113795,1,0.999935992140716,1,0.101694915254237,0,Inf,0.135593220338983,0,Inf,6.88959436938647,0.309608958568905,0.990913740992277,0.357564693999415,0.999999861180693,0.075501281761963,0.309794559474675,NA
"Hnf1aos1",0.729849493303743,1,0.376437964688791,0,17611.8219038519,1,0.99997862629313,1,0.0847457627118644,0,Inf,0.101694915254237,0,Inf,6.88957343365707,0.744981431379882,0.995470130298208,0.757457196977153,0.999999861180693,0.0755019813470179,0.309794559474675,NA
"Ptges",0.893029152192581,1,1.58446464578832,0,94.5478707908645,1,0.983517880444791,1,0.11864406779661,0,Inf,0.169491525423729,0,Inf,6.88956769728232,0.613669356181974,0.999103646922579,0.633032709653735,0.999999861180693,0.0755021730339109,0.309794559474675,NA
"AU021092",0.893029152192581,1,1.58446464578832,0,94.5478707908645,1,0.983517880444791,1,0.135593220338983,0,Inf,0.169491525423729,0,Inf,6.88956769728232,0.613669356181974,0.999103646922579,0.633032709653735,0.999999861180693,0.0755021730339109,0.309794559474675,NA
"Lrrfip1",0.834160788094273,0.753147662084014,0.715415949110372,2.02550239242862,18998.13638252,15485.0836261565,0.999962344253395,0.99986921365533,0.0847457627118644,0.285714285714286,0.296610169491525,0.11864406779661,0.5,0.23728813559322,6.88522246048984,0.352162145828967,0.199999402627417,0.390780449026922,0.447367084824486,0.0756475087089322,0.309794559474675,NA
"Bmpr1a",0.159683211883899,0.421308881313654,1.37155691825663,2.25262041628457,18676.0541895329,12589.8099815027,0.999926566062322,0.99982110790841,0.847457627118644,0.803571428571429,1.05461393596987,1.15254237288136,1.30357142857143,0.88414209426515,6.86431620708299,0.0129943499248428,0.0313744645863835,0.0321081320817337,0.107533447171072,0.0763505478566621,0.311891987994465,NA
"Fgf15",5.52880036672957e-08,1,0.42372881538723,0,0.0336520611566322,1,0.0735755753736787,1,0.389830508474576,0,Inf,0.423728813559322,0,Inf,6.84876876702116,0.36855653116789,0.999941746368422,0.406848118821697,0.999999861180693,0.0768774658273174,0.313261294667922,NA
"Pim1",0.429239858249491,0.548989666412312,1.24722165141233,2.41520982509912,18502.5211065507,13060.4811628514,0.999932596343118,0.999815109164446,0.491525423728814,0.696428571428571,0.705780095610604,0.711864406779661,1.08928571428571,0.653514865240345,6.82312720171359,0.1327492666985,0.0249155066120292,0.178357394548432,0.0889839521858187,0.0777541613133833,0.316045521358379,NA
"Emb",0.44694874629017,0.731071219598603,1.59362491527228,1.59362425992554,17224.1735525354,15112.1070009806,0.999907485983129,0.999894557640154,0.728813559322034,0.214285714285714,3.40112994350282,0.88135593220339,0.428571428571429,2.05649717514124,6.78034740924303,0.00836148790178359,0.64484618692436,0.0230755347938833,0.964998695221313,0.0792383388114309,0.321279021384313,NA
"Neat1",0.653338631266221,0.879971452511054,2.20016411169933,2.23161186110793,4.32781071442235,13788.4483552502,0.662963756708225,0.999838179707858,0.610169491525424,0.160714285714286,3.79661016949153,0.76271186440678,0.267857142857143,2.84745762711864,6.76345346389061,0.056822518586953,0.717920140208499,0.095077048816752,0.999999861180693,0.0798319441783648,0.322884645513485,NA
"Frmd4b",0.551526464457731,0.955178537224486,0.415722816482839,1.5936242269606,19623.4684133339,10501.3273580076,0.999978815467234,0.999848268474108,0.169491525423729,0.0357142857142857,4.74576271186441,0.186440677966102,0.0714285714285714,2.61016949152542,6.75570755464202,0.164381558213263,0.368842960266325,0.209796283004915,0.701981959582758,0.0801055455500757,0.323191262787219,NA
"Scd2",0.103674972788518,0.13825077173764,4.25466118875748,3.64706674653896,7.11517474152413,10851.1224038477,0.62579396793001,0.999664012510223,3.4406779661017,2.26785714285714,1.51714933938342,3.8135593220339,3.14285714285714,1.21340523882897,6.7361670649949,4.26308198956393e-05,7.81426351970094e-06,0.000385491456503122,7.59507480536782e-05,0.0807997800006576,0.325189262367178,NA
"Sept11",0.274846863138141,0.140121354545104,1.96334915839067,2.45051201342509,6.15511632045868,10583.2842098668,0.758162529174302,0.999768508083963,1.10169491525424,1.33928571428571,0.822598870056497,1.42372881355932,2.10714285714286,0.675667911519678,6.72517504574171,3.51417936671483e-05,8.04184391156593e-06,0.000339437779739501,7.59507480536782e-05,0.0811928505013377,0.325968348204388,NA
"Phlda1",0.376304380795259,0.661351580789107,1.84792443219503,2.26741653647451,12297.5968763739,13320.5882601028,0.999849755459525,0.999829810020351,0.88135593220339,0.464285714285714,1.89830508474576,1.15254237288136,0.767857142857143,1.50098541584549,6.64153813697311,0.00677016996886082,0.544288825783023,0.0205523016911846,0.889702888299172,0.0842446386203265,0.337391518396111,NA
"Pcna",0.231466519213445,0.103787537838068,3.59478400209995,3.60644711555423,2.92926901808486,11.3813181849748,0.448995280851026,0.759373926450066,2.40677966101695,2.35714285714286,1.02105803800719,2.76271186440678,3.23214285714286,0.854761681805413,6.62664257445783,0.0101581761673792,0.33175737165948,0.0268150613114048,0.646843767320683,0.0847996270471455,0.338783840085662,NA
"Atp6v1e1",0.183454621020864,0.386724344375523,2.71918627030656,2.32941160673647,17179.7401412609,15291.5496949102,0.999841746386913,0.999847689942459,1.83050847457627,0.892857142857143,2.05016949152542,2.22033898305085,1.42857142857143,1.55423728813559,6.59390668982809,0.0156915008609485,7.49238224595494e-06,0.0368446843420062,7.5815772726925e-05,0.0860317222617221,0.341315935579975,NA
"Ifit2",9.536192702922e-10,0.843124879887784,0.0338983061167312,1.59362426252226,17687.4039316276,18608.1558859463,0.999998083481257,0.999914366162659,0.0338983050847458,0.125,0.271186440677966,0.0338983050847458,0.25,0.135593220338983,6.59320460407832,0.31771644066788,0.189469967974283,0.364944560226619,0.426056806291377,0.086058334882576,0.341315935579975,NA
"Ak4",0.904873218368801,0.70866048160467,1.24721641165615,1.59362423945297,18518.3783016594,14391.0504526982,0.999932654339558,0.999889275088654,0.0847457627118644,0.25,0.338983050847458,0.11864406779661,0.464285714285714,0.255541069100391,6.59315865717392,0.111525872887003,0.665643553824291,0.157669831418771,0.976389199319871,0.0860600767802631,0.341315935579975,NA
"Cdo1",0.883673223619871,0.778422531968003,0.874217283445388,2.17595690925093,13868.1535804443,14478.6705845659,0.999936966217373,0.99984973551767,0.0677966101694915,0.285714285714286,0.23728813559322,0.101694915254237,0.482142857142857,0.210922787193974,6.56063362541673,0.184907858612222,0.26228989133857,0.229200504029334,0.546332156535444,0.0873016909367993,0.343809496167896,NA
"2200002D01Rik",0.767347755561165,0.977589252421494,0.874220789620047,1.59362454940461,14217.7683173783,17664.4456822982,0.999938515875389,0.999909791633443,0.135593220338983,0.0178571428571429,7.59322033898305,0.203389830508475,0.0357142857142857,5.69491525423729,6.56015637530172,0.247010556455773,0.668539428240194,0.296552221733626,0.976389199319871,0.0873200372764239,0.343809496167896,NA
"Paqr5",0.767347755561165,0.977589252421494,0.874220789620047,1.59362454940461,14217.7683173783,17664.4456822982,0.999938515875389,0.999909791633443,0.135593220338983,0.0178571428571429,7.59322033898305,0.203389830508475,0.0357142857142857,5.69491525423729,6.56015637530172,0.247010556455773,0.668539428240194,0.296552221733626,0.976389199319871,0.0873200372764239,0.343809496167896,NA
"Tyrobp",0.694906645917547,0.938286855925688,0.944417490589879,2.02550181232652,16492.5265720374,11064.2442511085,0.999942739918651,0.999816966163165,0.186440677966102,0.0714285714285714,2.61016949152542,0.288135593220339,0.125,2.30508474576271,6.53354558516612,0.0688270481538524,0.393057482457758,0.111222416218203,0.735900572883468,0.0883488956260713,0.347024267915867,NA
"Cpm",0.941836822089159,0.810507637148328,0.874221003813324,1.88473483447544,14493.8997254545,14338.0133321969,0.999939687158486,0.99986856706891,0.0508474576271186,0.214285714285714,0.23728813559322,0.0508474576271186,0.357142857142857,0.142372881355932,6.50238392214678,0.341652122989292,0.607349016292921,0.383035982599039,0.94330680179345,0.0895685353898228,0.350971191431584,NA
"Nell2",2.45932928663523e-13,0.87197231306923,0.0169491514263656,1.81322398320228,12488.0555038273,15716.6954844218,0.999998642772815,0.999884644019554,0.0169491525423729,0.125,0.135593220338983,0.0169491525423729,0.232142857142857,0.0730117340286832,6.39394533794994,0.241261267715408,0.250374937085156,0.292125466606975,0.526778951788075,0.0939401938050444,0.367220757601537,NA
"Dclk1",0.43124012990378,0.677146480997474,1.99661277090975,1.7699311663132,14244.0306880105,18059.0495535662,0.999859847750622,0.999902001613614,0.898305084745763,0.303571428571429,2.95912263210369,1.13559322033898,0.571428571428571,1.98728813559322,6.37609320459694,0.0180582637944691,0.623110913527787,0.0412621618959643,0.952555691435011,0.0946792763250445,0.369226581181677,NA
"Tmem27",0.603980238549622,0.887946338822034,1.02717019943121,1.59362424455655,15667.9778755921,10120.585122111,0.999934445729232,0.999842561143753,0.288135593220339,0.0892857142857143,3.2271186440678,0.406779661016949,0.178571428571429,2.27796610169492,6.35294786976513,0.0347994923694721,0.608155443979777,0.064867474811516,0.94330680179345,0.0956458164927979,0.372107771783885,NA
"Ddt",0.30649101918608,0.519876791586267,2.34621397443216,1.93402738818726,14139.2522907846,12711.6985338681,0.999834091317637,0.999847877671557,1.28813559322034,0.517857142857143,2.48743424897721,1.6271186440678,0.928571428571429,1.7522816166884,6.33587090041976,0.00920645772893003,0.327988165461383,0.0249219397120717,0.645347084819852,0.0963650109659183,0.373666495524186,NA
"Stc1",0.748335882105503,0.94303818089118,1.54901116581827,2.82143890967592,5.02697417651367,15569.8714259485,0.764444249009082,0.999818821385989,0.322033898305085,0.107142857142857,3.00564971751412,0.389830508474576,0.160714285714286,2.4256120527307,6.33078610385618,0.0612522158944322,0.489218784142133,0.100899968043154,0.835011980965488,0.0965801577813692,0.373666495524186,NA
"Rpgrip1",0.514296176687133,0.418098776163459,2.05886789782874,3.03807084573951,12130.3069837461,292.215169133555,0.999830299553854,0.989710287866942,0.728813559322034,1.23214285714286,0.591500859739622,1,1.76785714285714,0.565656565656566,6.32670580390015,0.00434176729719304,0.10210787178529,0.0152500091017111,0.28179120460226,0.0967531359580117,0.373666495524186,NA
"Ddah1",0.440462759260218,0.362708874282238,2.21127029859312,2.26964644210043,2.29852582720223,10554.7801928529,0.509673999242452,0.999785011297981,1.05084745762712,0.892857142857143,1.17694915254237,1.23728813559322,1.44642857142857,0.855409081397782,6.32180724364673,0.0993294206011111,0.112010596411434,0.146579874150945,0.30129432579025,0.0969611959010128,0.373666495524186,NA
"Krt8",0.752789448665672,0.95999049891711,0.959862490733955,2.2316119979075,10669.6474366497,10002.757568401,0.999910046123541,0.999776950083836,0.169491525423729,0.0535714285714286,3.1638418079096,0.23728813559322,0.0892857142857143,2.65762711864407,6.30050064593181,0.114472116954697,0.449096708348862,0.160035031926796,0.79276252991235,0.0978711725413937,0.376285872782676,NA
"Frem1",0.924754816706831,0.753481954032074,1.12626076083587,1.59362419601342,17678.367617983,10171.30764354,0.999936295644629,0.999843346145404,0.0677966101694915,0.196428571428571,0.345146379044684,0.0847457627118644,0.392857142857143,0.215716486902928,6.24157182330509,NA,NA,NA,NA,0.10043081655131,0.385220549870519,NA
"Tor3a",0.704473134964304,0.932767804815503,1.26175113441724,1.59362426127945,7.43838827419633,17359.7333913588,0.854973457877233,0.99990820838408,0.271186440677966,0.0535714285714286,5.06214689265537,0.372881355932203,0.107142857142857,3.48022598870057,6.23128417499578,NA,NA,NA,NA,0.100884205897562,0.386053378071701,NA
"Dnase2a",0.76167742344508,0.932767804815503,1.92020044834817,1.59362426127945,11499.4802145751,17359.7333913588,0.999833046378784,0.99990820838408,0.389830508474576,0.0535714285714286,7.27683615819209,0.457627118644068,0.107142857142857,4.27118644067797,6.17327096477069,NA,NA,NA,NA,0.10347787770387,0.395053392916176,NA
"Tubb2a",0.754238693299771,0.955178537224486,1.17242049684056,1.5936242269606,293.34477872215,10501.3273580076,0.996019178167015,0.999848268474108,0.203389830508475,0.0357142857142857,5.69491525423729,0.288135593220339,0.0714285714285714,4.03389830508475,6.1449344955592,NA,NA,NA,NA,0.104767862873876,0.399045892624507,NA
"Schip1.1",0.768590122625367,0.955178537224486,1.31837392336395,1.5936242269606,12135.9773815532,10501.3273580076,0.999891378281462,0.999848268474108,0.203389830508475,0.0357142857142857,5.69491525423729,0.305084745762712,0.0714285714285714,4.27118644067797,6.05139145182922,NA,NA,NA,NA,0.109136513851209,0.414718752634596,NA
"Dcxr",0.516397588618612,0.798303412495527,1.33181205504372,1.59362423911807,15611.0885014971,13338.6412972616,0.999914695349709,0.999880540016837,0.440677966101695,0.160714285714286,2.74199623352166,0.644067796610169,0.321428571428571,2.00376647834275,6.03201826879209,NA,NA,NA,NA,0.110062815311646,0.416922761755659,NA
"Adhfe1",9.536192702922e-10,0.87197231306923,0.0338983061167312,1.81322398320228,17687.4039316276,15716.6954844218,0.999998083481257,0.999884644019554,0.0338983050847458,0.125,0.271186440677966,0.0338983050847458,0.232142857142857,0.146023468057366,6.0286043226579,NA,NA,NA,NA,0.110226825629403,0.416922761755659,NA
"Oaf",0.563367885394058,0.65841438443981,0.970448120712658,2.19564187136279,10024.9648444887,16511.8651018242,0.999903206225416,0.999867044096214,0.288135593220339,0.446428571428571,0.645423728813559,0.423728813559322,0.75,0.564971751412429,5.97445874304341,NA,NA,NA,NA,0.11285949657156,0.425894728401685,NA
"Aurkb",0.550724858761362,0.660350661266309,2.86714193348071,1.84013312748891,12836.8720796543,15022.7304496286,0.999776697806396,0.99987752507685,1.15254237288136,0.339285714285714,3.39696699375558,1.28813559322034,0.625,2.06101694915254,5.9662607056577,NA,NA,NA,NA,0.113263303031009,0.425999968712495,NA
"Gsta4",0.508597216426164,0.377153316965608,1.75906226857636,2.49430841808038,10172.5072460353,17837.0217096118,0.999827106720497,0.999860180712551,0.677966101694915,1,0.677966101694915,0.864406779661017,1.55357142857143,0.556399766218586,5.92320935356491,NA,NA,NA,NA,0.115406616183839,0.425999968712495,NA
"Tspan4",0.471973713969559,0.528156314007442,1.02717016960663,2.04365511399032,14845.155389009,11214.8037759219,0.999930812505807,0.999817804857688,0.423728813559322,0.571428571428571,0.741525423728814,0.542372881355932,0.964285714285714,0.562460765850596,5.91817935701454,NA,NA,NA,NA,0.115659546975187,0.425999968712495,NA
"Foxd1",1,0.899777274306749,0,1.24721888659696,1,18499.2496729289,1,0.999932584573599,0,0.0714285714285714,0,0,0.125,0,5.90874109061657,NA,NA,NA,NA,0.116135574231431,0.425999968712495,NA
"Nefl",1,0.893094898778182,0,2.00444590638739,1,1.00690765562827,1,0.334370453316778,0,0.160714285714286,0,0,0.214285714285714,0,5.90864220226518,NA,NA,NA,NA,0.116140571639078,0.425999968712495,NA
"Gm26532",1,0.910357071354275,0,1.59362425349846,1,11291.6473704941,1,0.99985888689932,0,0.0714285714285714,0,0,0.142857142857143,0,5.90861524024389,NA,NA,NA,NA,0.116141934223561,0.425999968712495,NA
"Hykk",1,0.910357071354275,0,1.59362425349846,1,11291.6473704941,1,0.99985888689932,0,0.0714285714285714,0,0,0.142857142857143,0,5.90861524024389,NA,NA,NA,NA,0.116141934223561,0.425999968712495,NA
"Npb",1,0.910357071354275,0,1.59362425349846,1,11291.6473704941,1,0.99985888689932,0,0.0714285714285714,0,0,0.142857142857143,0,5.90861524024389,NA,NA,NA,NA,0.116141934223561,0.425999968712495,NA
"Plaur",1,0.916303359367223,0,1.92019991432686,1,10284.5978331122,1,0.999813328484123,0,0.0892857142857143,0,0,0.160714285714286,0,5.90857473317835,NA,NA,NA,NA,0.11614398136505,0.425999968712495,NA
"Dse",1,0.916303359367223,0,1.92019991432686,1,10284.5978331122,1,0.999813328484123,0,0.0892857142857143,0,0,0.160714285714286,0,5.90857473317835,NA,NA,NA,NA,0.11614398136505,0.425999968712495,NA
"Slc43a2",1,0.916303359367223,0,1.92019991432686,1,10284.5978331122,1,0.999813328484123,0,0.0892857142857143,0,0,0.160714285714286,0,5.90857473317835,NA,NA,NA,NA,0.11614398136505,0.425999968712495,NA
"Col18a1",0.358436657489223,0.63683728138062,1.45301817552319,2.16353281708307,12552.8281554026,12269.5078439641,0.999884261141245,0.999823696972429,0.728813559322034,0.482142857142857,1.51161330822348,0.932203389830508,0.785714285714286,1.1864406779661,5.90798635963495,NA,NA,NA,NA,0.116173720404571,0.425999968712495,NA
"Ctsd",0.229340379875494,0.469698680605828,2.57318640837095,2.86225414178119,10802.17714474,14284.1530521984,0.999761846749855,0.999799660455287,1.61016949152542,1.03571428571429,1.55464640561075,1.98305084745763,1.51785714285714,1.30648055832502,5.90595177961609,NA,NA,NA,NA,0.116276613247107,0.425999968712495,NA
"Cyfip2",0.586056315621398,0.865535609842088,1.06458434446091,1.59362426051418,13694.0835356918,16333.0833891109,0.999922265583758,0.999902439193673,0.288135593220339,0.107142857142857,2.68926553672316,0.440677966101695,0.214285714285714,2.05649717514124,5.84519919464668,NA,NA,NA,NA,0.119389372668297,0.436425581521245,NA
"B930036N10Rik",0.451252664675277,0.910357071354275,0.772175025670853,1.59362425349846,0.365786490967498,11291.6473704941,0.321440123957853,0.99985888689932,0.322033898305085,0.0714285714285714,4.50847457627119,0.423728813559322,0.142857142857143,2.96610169491525,5.83078543549567,NA,NA,NA,NA,0.120139466773674,0.438187251580766,NA
"Tcf21",0.60911454137949,0.44540489816071,1.73443672327292,2.31829355295712,5.76692157788761,10825.0581888291,0.768783645089372,0.999785885938599,0.491525423728814,0.785714285714286,0.62557781201849,0.677966101694915,1.28571428571429,0.527306967984934,5.7731626592834,NA,NA,NA,NA,0.123183286137026,0.448288395429623,NA
"Hoxb5os",0.644632259450863,0.474727244504499,1.95548163861083,2.61768734752154,14458.0983503011,27.306225306885,0.999864766641858,0.912521889174273,0.559322033898305,0.910714285714286,0.614157527417747,0.694915254237288,1.375,0.505392912172573,5.7385780535725,NA,NA,NA,NA,0.125045289224001,0.454053339093371,NA
"Acvr2b",0.421875949131792,0.679923861325573,1.43655749421381,2.23161189417334,13794.5302410637,16210.9216956715,0.999895871198069,0.999862357935447,0.610169491525424,0.446428571428571,1.36677966101695,0.830508474576271,0.714285714285714,1.16271186440678,5.70869424375107,NA,NA,NA,NA,0.126675758974065,0.458953858455927,NA
"Elk3",0.442999665183712,0.72682073564416,1.43018119140651,1.89566727116304,14949.7712342807,13379.0793449858,0.999904343393439,0.999858331155284,0.610169491525424,0.285714285714286,2.13559322033898,0.796610169491525,0.517857142857143,1.53828170660432,5.68811072860331,NA,NA,NA,NA,0.127810547606927,0.462040784933006,NA
"Nudt4",0.435001457833539,0.26375042252985,2.03990308822234,2.54669079874572,18335.46431874,12464.1363215639,0.999888757866744,0.999795720257247,0.88135593220339,1.21428571428571,0.725822532402792,1.15254237288136,1.875,0.614689265536723,5.67817622498592,NA,NA,NA,NA,0.128361700254369,0.4630088702332,NA
"Kif21a",0.544646542408143,0.820714119253762,1.2283249916973,1.59362440911332,16914.751850387,15517.3797528171,0.99992738670896,0.999897311222181,0.423728813559322,0.160714285714286,2.63653483992467,0.559322033898305,0.285714285714286,1.95762711864407,5.65727723840956,NA,NA,NA,NA,0.129528536037431,0.46618860767657,NA
"Stk17b",0.694906645917547,0.932767804815503,0.944417490589879,1.59362426127945,16492.5265720374,17359.7333913588,0.999942739918651,0.99990820838408,0.203389830508475,0.0535714285714286,3.79661016949153,0.288135593220339,0.107142857142857,2.68926553672316,5.61746878164811,NA,NA,NA,NA,0.131779083613587,0.473246203570551,NA
"Tuba4a",0.719944889830862,0.955178537224486,0.786770125739177,1.5936242269606,13270.0802655812,10501.3273580076,0.999940714489594,0.999848268474108,0.169491525423729,0.0357142857142857,4.74576271186441,0.220338983050847,0.0714285714285714,3.08474576271186,5.58090722959525,NA,NA,NA,NA,0.133878761535655,0.478873069318847,NA
"Socs3",0.884295059313881,0.731238704689109,1.31837393165456,1.99327147388925,17679.9818396182,17718.8693019415,0.999925436822194,0.999887518371883,0.0847457627118644,0.303571428571429,0.279162512462612,0.152542372881356,0.535714285714286,0.284745762711864,5.57700919902967,NA,NA,NA,NA,0.134104484902042,0.478873069318847,NA
"Myof",0.63694414258771,0.894178484297315,0.933693931988678,1.85622440340545,11075.864788349,13185.9434555604,0.99991570723856,0.999859246845687,0.23728813559322,0.107142857142857,2.21468926553672,0.338983050847458,0.196428571428571,1.72573189522342,5.56479837980402,NA,NA,NA,NA,0.134813918447005,0.478873069318847,NA
"Rrm2",0.241398694442007,0.142046803724185,5.11646928964397,3.99622037002115,3.78700599486418,6.94441991574977,0.425340204117092,0.634736152031384,3.54237288135593,2.5,1.41694915254237,3.88135593220339,3.42857142857143,1.13206214689266,5.56363464050867,NA,NA,NA,NA,0.134881715921399,0.478873069318847,NA
"Tshz2",0.218723655922757,0.16155663522689,3.03718571822609,3.89753351237226,11.7259348478049,11802.7480562004,0.794272104963061,0.999669886464978,1.96610169491525,2.39285714285714,0.821654439666076,2.3728813559322,3.26785714285714,0.726127628044827,5.5526362923631,NA,NA,NA,NA,0.1355240613588,0.478873069318847,NA
"Lyz2",1.56364492222501e-07,0.955178537224486,0.0847457911969039,1.5936242269606,16841.2039258657,10501.3273580076,0.999994967974669,0.999848268474108,0.0847457627118644,0.0357142857142857,2.3728813559322,0.0847457627118644,0.0714285714285714,1.1864406779661,5.48854446980353,NA,NA,NA,NA,0.139325392652745,0.478873069318847,NA
"Irf5",0.91491517674589,1,1.59362381961496,0,16243.7051679929,1,0.99990190246175,1,0.0847457627118644,0,Inf,0.135593220338983,0,Inf,5.47601806392727,NA,NA,NA,NA,0.140080059684482,0.478873069318847,NA
"Ier3",0.91491517674589,1,1.59362381961496,0,16243.7051679929,1,0.99990190246175,1,0.0847457627118644,0,Inf,0.135593220338983,0,Inf,5.47601806392727,NA,NA,NA,NA,0.140080059684482,0.478873069318847,NA
"Slc39a5",0.904873218368801,1,1.24721641165615,0,18518.3783016594,1,0.999932654339558,1,0.0677966101694915,0,Inf,0.11864406779661,0,Inf,5.47601586812167,NA,NA,NA,NA,0.140080192312223,0.478873069318847,NA
"Gpm6a",0.904873218368801,1,1.24721641165615,0,18518.3783016594,1,0.999932654339558,1,0.0677966101694915,0,Inf,0.11864406779661,0,Inf,5.47601586812167,NA,NA,NA,NA,0.140080192312223,0.478873069318847,NA
"Mal",0.91491525894169,1,1.59362681775956,0,11854.182604989,1,0.999865582245599,1,0.101694915254237,0,Inf,0.135593220338983,0,Inf,5.4759507020563,NA,NA,NA,NA,0.140084128428873,0.478873069318847,NA
"Apold1",0.904873050823223,1,1.24721706870352,0,11044.9124167516,1,0.999887090435948,1,0.0847457627118644,0,Inf,0.11864406779661,0,Inf,5.47591874850389,NA,NA,NA,NA,0.140086058504059,0.478873069318847,NA
"Mrc1",0.817441988420091,1,0.464212783876855,0,14417.1405550455,1,0.999967802364446,1,0.0677966101694915,0,Inf,0.0847457627118644,0,Inf,5.47591870414652,NA,NA,NA,NA,0.140086061183375,0.478873069318847,NA
"Parm1",0.817441988420091,1,0.464212783876855,0,14417.1405550455,1,0.999967802364446,1,0.0847457627118644,0,Inf,0.0847457627118644,0,Inf,5.47591870414652,NA,NA,NA,NA,0.140086061183375,0.478873069318847,NA
"Wif1",0.817441988420091,1,0.464212783876855,0,14417.1405550455,1,0.999967802364446,1,0.0677966101694915,0,Inf,0.0847457627118644,0,Inf,5.47591870414652,NA,NA,NA,NA,0.140086061183375,0.478873069318847,NA
"Gap43",0.817441988420091,1,0.464212783876855,0,14417.1405550455,1,0.999967802364446,1,0.0677966101694915,0,Inf,0.0847457627118644,0,Inf,5.47591870414652,NA,NA,NA,NA,0.140086061183375,0.478873069318847,NA
"Mcoln3",0.883673223619871,1,0.874217283445388,0,13868.1535804443,1,0.999936966217373,1,0.0677966101694915,0,Inf,0.101694915254237,0,Inf,5.47591157981651,NA,NA,NA,NA,0.140086491514326,0.478873069318847,NA
"Btc",0.883673223619871,1,0.874217283445388,0,13868.1535804443,1,0.999936966217373,1,0.0677966101694915,0,Inf,0.101694915254237,0,Inf,5.47591157981651,NA,NA,NA,NA,0.140086491514326,0.478873069318847,NA
"Hpgds",0.883673223619871,1,0.874217283445388,0,13868.1535804443,1,0.999936966217373,1,0.0677966101694915,0,Inf,0.101694915254237,0,Inf,5.47591157981651,NA,NA,NA,NA,0.140086491514326,0.478873069318847,NA
"Adgrg1",0.883673223619871,1,0.874217283445388,0,13868.1535804443,1,0.999936966217373,1,0.0677966101694915,0,Inf,0.101694915254237,0,Inf,5.47591157981651,NA,NA,NA,NA,0.140086491514326,0.478873069318847,NA
"Alox15",0.883673223619871,1,0.874217283445388,0,13868.1535804443,1,0.999936966217373,1,0.0677966101694915,0,Inf,0.101694915254237,0,Inf,5.47591157981651,NA,NA,NA,NA,0.140086491514326,0.478873069318847,NA
"Akr1c18",0.883673223619871,1,0.874217283445388,0,13868.1535804443,1,0.999936966217373,1,0.0847457627118644,0,Inf,0.101694915254237,0,Inf,5.47591157981651,NA,NA,NA,NA,0.140086491514326,0.478873069318847,NA
"Tnfaip8l1",0.883673223619871,1,0.874217283445388,0,13868.1535804443,1,0.999936966217373,1,0.0847457627118644,0,Inf,0.101694915254237,0,Inf,5.47591157981651,NA,NA,NA,NA,0.140086491514326,0.478873069318847,NA
"Gata3",9.2810486232197e-08,1,0.11864404907068,0,0.0714206976370708,1,0.375770356545337,1,0.11864406779661,0,Inf,0.11864406779661,0,Inf,5.45936802863145,NA,NA,NA,NA,0.141089158232157,0.48099528487139,NA
"2810001G20Rik",0.333037325021021,0.61168253496892,1.55015916734522,2.06937035265031,10910.5905193931,19164.5039424336,0.999857941790432,0.999892032325295,0.76271186440678,0.464285714285714,1.64276401564537,1.03389830508475,0.803571428571429,1.28662900188324,5.45596836752173,NA,NA,NA,NA,0.141296044515463,0.48099528487139,NA
"Gclm",0.404406317126449,0.677147132722034,1.59362426016196,1.76993245602786,15435.0829077911,12599.2497404304,0.999896763771862,0.999859540537038,0.711864406779661,0.321428571428571,2.21468926553672,0.949152542372881,0.571428571428571,1.66101694915254,5.44543782313403,NA,NA,NA,NA,0.141938706061316,0.482178473397485,NA
"Lbp",0.800246634569016,0.942727755898107,1.44245675535925,3.11794008124499,15606.5241191116,10.8010580211288,0.999907582019198,0.775993928707178,0.220338983050847,0.125,1.76271186440678,0.288135593220339,0.178571428571429,1.6135593220339,5.43825515209291,NA,NA,NA,NA,0.142378639906816,0.482669497111487,NA
"Cndp2",0.354299043262528,0.63814346445015,1.5487045652875,1.82590120018985,11308.2562143684,10540.4109266476,0.999863065315769,0.999826801348707,0.76271186440678,0.357142857142857,2.13559322033898,1,0.660714285714286,1.51351351351351,5.41871679731906,NA,NA,NA,NA,0.143581894968301,0.485740820658806,NA
"Tmod3",0.396636274316813,0.66521358576162,1.68546622036447,1.92020244261376,13270.1451247069,13675.0693654925,0.999873004239406,0.999859603428585,0.796610169491525,0.357142857142857,2.23050847457627,1.01694915254237,0.642857142857143,1.5819209039548,5.40970786161171,NA,NA,NA,NA,0.144139941155097,0.486621206296341,NA
"Smarca1",0.726877793941573,0.91998096543412,1.36525461690985,2.23161188521202,10310.4738369897,11814.5784315566,0.999867603188453,0.999811149381516,0.271186440677966,0.107142857142857,2.53107344632768,0.372881355932203,0.178571428571429,2.08813559322034,5.3812905876579,NA,NA,NA,NA,0.145913692347816,0.491593759373878,NA
"Bdh2",0.91491525894169,0.738076245630055,1.59362681775956,1.70442184699273,11854.182604989,11793.5039735129,0.999865582245599,0.99985549879325,0.101694915254237,0.232142857142857,0.438070404172099,0.135593220338983,0.446428571428571,0.303728813559322,5.34875972120139,NA,NA,NA,NA,0.147969554561754,0.497494345995691,NA
"Cdk18",5.84074752137173e-08,1,0.0677966182223145,0,13683.3898794922,1,0.999995045359161,1,0.0677966101694915,0,Inf,0.0677966101694915,0,Inf,5.33914938457333,NA,NA,NA,NA,0.148582123969577,0.498528112045769,NA
"Serpine2",0.524366674426156,0.79830314187099,1.24722228974123,1.59362590691654,11279.3362952956,14295.2826269628,0.999889436367561,0.999888533279667,0.457627118644068,0.178571428571429,2.56271186440678,0.593220338983051,0.321428571428571,1.84557438794727,5.33203542302073,NA,NA,NA,NA,0.149037116082138,0.499030015734045,NA
"Pdia5",0.6088446951671,0.820714173157125,1.73324020767149,1.59362533327404,17069.3284169845,16172.048404557,0.999898469102714,0.99990146775041,0.457627118644068,0.142857142857143,3.20338983050847,0.677966101694915,0.285714285714286,2.3728813559322,5.31444017632538,NA,NA,NA,NA,0.15016812956864,0.501167471844151,NA
"H2-Q7",0.63209362456062,0.865535609842088,1.33600679754371,1.59362426051418,13318.9362080288,16333.0833891109,0.999899701239134,0.999902439193673,0.355932203389831,0.107142857142857,3.32203389830508,0.491525423728814,0.214285714285714,2.29378531073446,5.31256876273298,NA,NA,NA,NA,0.150288899145431,0.501167471844151,NA
"Alas2",2.35866469019046e-08,0.977589252421494,0.610169490643366,1.59362454940461,0.0366979238024917,17664.4456822982,0.0567317551989061,0.999909791633443,0.525423728813559,0.0178571428571429,29.4237288135593,0.610169491525424,0.0357142857142857,17.0847457627119,5.29909688068803,NA,NA,NA,NA,0.151161003876799,0.502707962723283,NA
"Sdc2",0.546658691504289,0.827424189349123,1.00945382769223,1.75906133902174,17677.8701290705,14103.6517775183,0.999942900576761,0.999875291733143,0.305084745762712,0.160714285714286,1.89830508474576,0.457627118644068,0.303571428571429,1.50747756729811,5.2959382754951,NA,NA,NA,NA,0.151366167478492,0.502707962723283,NA
"Gulp1",0.924754816706831,0.782776588621482,1.12626076083587,1.7263369585301,17678.367617983,18516.9618801814,0.999936295644629,0.999906778658494,0.0508474576271186,0.196428571428571,0.258859784283513,0.0847457627118644,0.375,0.225988700564972,5.2833590182962,NA,NA,NA,NA,0.152185851154198,0.504405032020202,NA
"Kif20b",0.419114415559267,0.541908134577437,2.71356567417567,1.94907835717094,13659.8413089436,16358.0561804379,0.999801386658712,0.999880863219398,1.33898305084746,0.5,2.67796610169492,1.57627118644068,0.892857142857143,1.76542372881356,5.26715178089319,NA,NA,NA,NA,0.153248119755227,0.506897626882672,NA
"C1qa",0.81053166813269,0.977589252421494,0.984020254234357,1.59362454940461,11390.0832611457,17664.4456822982,0.999913614744789,0.999909791633443,0.11864406779661,0.0178571428571429,6.64406779661017,0.186440677966102,0.0357142857142857,5.22033898305085,5.26096695086686,NA,NA,NA,NA,0.153655333433304,0.507217807737411,NA
"Bmpr2",0.367803164690495,0.596842500158555,1.28687664649807,2.17036793134568,11453.888806145,14095.575055233,0.999887659807049,0.99984604857967,0.644067796610169,0.535714285714286,1.20225988700565,0.813559322033898,0.875,0.929782082324455,5.23403556568798,NA,NA,NA,NA,0.155440449768626,0.512075997826481,NA
"Ier5",0.30577055811799,0.553548854450517,1.31837415718429,2.11989280575307,16813.1643907409,17040.8992853609,0.999921592940109,0.99987561518393,0.677966101694915,0.571428571428571,1.1864406779661,0.915254237288136,0.946428571428571,0.967061080908219,5.22821390585551,NA,NA,NA,NA,0.155828895376104,0.512322766689245,NA
"H2-D1",0.766017512599543,0.938286855925688,1.59363040106414,2.02550181232652,14820.0457979151,11064.2442511085,0.999892479478483,0.999816966163165,0.254237288135593,0.0714285714285714,3.5593220338983,0.372881355932203,0.125,2.98305084745763,5.22272383450061,NA,NA,NA,NA,0.156196054748334,0.512498701724452,NA
"Ets1",9.536192702922e-10,0.894178484297315,0.0338983061167312,1.85622440340545,17687.4039316276,13185.9434555604,0.999998083481257,0.999859246845687,0.0338983050847458,0.107142857142857,0.31638418079096,0.0338983050847458,0.196428571428571,0.172573189522342,5.14724357583793,NA,NA,NA,NA,0.161327351255854,0.528214252468824,NA
"Lyn",0.829907180729687,0.977589252421494,1.19575748933821,1.59362454940461,19531.1026855279,17664.4456822982,0.999938780502826,0.999909791633443,0.11864406779661,0.0178571428571429,6.64406779661017,0.203389830508475,0.0357142857142857,5.69491525423729,5.14282982590336,NA,NA,NA,NA,0.161632268197314,0.528214252468824,NA
"Bpnt1",0.454135897115468,0.743944653694377,1.055704491315,1.81322406687608,12845.8915769896,14610.8559748227,0.999917824486379,0.99987591424659,0.423728813559322,0.25,1.69491525423729,0.576271186440678,0.464285714285714,1.24119947848761,5.13786171725079,NA,NA,NA,NA,0.161976131222741,0.528281433967981,NA
"Dqx1",0.983048753165078,0.95999049891711,8.99888807360219,2.2316119979075,12781.5897903756,10002.757568401,0.999296444573441,0.999776950083836,0.135593220338983,0.0535714285714286,2.53107344632768,0.152542372881356,0.0892857142857143,1.70847457627119,5.12549586977805,NA,NA,NA,NA,0.1628350145812,0.530024728736417,NA
"Bst2",0.60432137117776,0.87197231306923,0.813877412549092,1.81322398320228,18573.7430982435,15716.6954844218,0.999956183212681,0.999884644019554,0.220338983050847,0.125,1.76271186440678,0.322033898305085,0.232142857142857,1.38722294654498,5.10224944107478,NA,NA,NA,NA,0.16446123466558,0.534253792134308,NA
"Pcdh17",0.842444106234402,0.977589252421494,1.39848146432733,1.59362454940461,13294.1031649777,17664.4456822982,0.999894815441981,0.999909791633443,0.152542372881356,0.0178571428571429,8.54237288135593,0.220338983050847,0.0357142857142857,6.16949152542373,5.08461820983349,NA,NA,NA,NA,0.165704814694776,0.537225530181078,NA
"Efnb1",0.51641790096832,0.316304098304652,2.17304864944534,2.45514332383971,26.7615472194991,11691.2800258715,0.924897909088211,0.999790046269364,0.796610169491525,1.07142857142857,0.743502824858757,1.05084745762712,1.67857142857143,0.62603678326722,5.06923614932361,NA,NA,NA,NA,0.166796971323451,0.537902764188766,NA
"Ckb",0.537180254345633,0.605547213002355,1.31837393981186,2.39934538850339,15070.252202634,68.4295783295909,0.999912525776055,0.966124779785543,0.457627118644068,0.589285714285714,0.776579352850539,0.610169491525424,0.946428571428571,0.644707387272146,5.06898405586963,NA,NA,NA,NA,0.166814926687871,0.537902764188766,NA
"Vcam1",0.8511015757127,0.977589252421494,1.59362426174808,1.59362454940461,14574.7653126018,17664.4456822982,0.999890670621611,0.999909791633443,0.169491525423729,0.0178571428571429,9.49152542372881,0.23728813559322,0.0357142857142857,6.64406779661017,5.06777192566923,NA,NA,NA,NA,0.166901286073259,0.537902764188766,NA
"Cdc42ep3",0.729849493303743,0.941271093099295,0.376437964688791,2.43248427546192,17611.8219038519,17980.490313307,0.99997862629313,0.999864733652986,0.0847457627118644,0.0892857142857143,0.949152542372881,0.101694915254237,0.142857142857143,0.711864406779661,5.04878778771011,NA,NA,NA,NA,0.168259323631606,0.540667324137133,NA
"Nfat5",0.366311527236541,0.625594360042004,1.79203711732851,1.95548015087214,62.8842310545482,16010.6204086075,0.972292199782365,0.999877878477238,0.88135593220339,0.428571428571429,2.05649717514124,1.13559322033898,0.732142857142857,1.55105415460934,5.04653939138814,NA,NA,NA,NA,0.168420849440515,0.540667324137133,NA
"Cd79b",0.766016767994364,0.932767804815503,1.59362425930607,1.59362426127945,10902.0478497218,17359.7333913588,0.99985384476708,0.99990820838408,0.271186440677966,0.0535714285714286,5.06214689265537,0.372881355932203,0.107142857142857,3.48022598870057,5.02911914063844,NA,NA,NA,NA,0.169677273483768,0.543632676220543,NA
"Aldh1a2",0.287445505142762,0.33654044580761,4.3053520244702,3.47206038386844,12.4777882750028,11078.3999926293,0.743471606168639,0.999686690085641,2.79661016949153,1.67857142857143,1.66606563288857,3.06779661016949,2.30357142857143,1.33175666798055,5.02257612058798,NA,NA,NA,NA,0.170151454473083,0.54408508142665,NA
"Trabd2b",0.610721516080211,0.810507637202067,2.0463777005586,1.88473483475772,10055.9983106272,10727.5887821384,0.999796543188664,0.999824340417843,0.610169491525424,0.196428571428571,3.10631741140216,0.796610169491525,0.357142857142857,2.23050847457627,5.01001950310049,NA,NA,NA,NA,0.171064935554469,0.545937704484379,NA
"Fam49b",0.277798020451365,0.418372983700236,2.7927760391824,2.21054749020851,12593.3711796879,10465.6046899159,0.999778283606898,0.999788824368784,1.74576271186441,0.767857142857143,2.27355143870713,2.01694915254237,1.28571428571429,1.56873822975518,4.9920601439826,NA,NA,NA,NA,0.172379463655866,0.549060513866832,NA
"Lpar1",0.789266782692016,0.955178537224486,1.28687025927777,1.5936242269606,14609.1373317768,10501.3273580076,0.999911921088568,0.999848268474108,0.186440677966102,0.0357142857142857,5.22033898305085,0.271186440677966,0.0714285714285714,3.79661016949153,4.97355758590177,NA,NA,NA,NA,0.173743659190736,0.551766515479534,NA
"Gstz1",0.421476654771409,0.673382194473984,1.31837789540937,2.07756160443934,13998.1695609342,15766.8056579687,0.999905826705864,0.999868249287187,0.457627118644068,0.392857142857143,1.16486902927581,0.76271186440678,0.678571428571429,1.12399643175736,4.97138672464712,NA,NA,NA,NA,0.173904379113807,0.551766515479534,NA
"H2-K1",0.678625232825804,0.910357071354275,1.00205097616572,1.59362425349846,11833.7178074379,11291.6473704941,0.999915329556749,0.99985888689932,0.220338983050847,0.0714285714285714,3.08474576271186,0.322033898305085,0.142857142857143,2.25423728813559,4.9619273484854,NA,NA,NA,NA,0.174606333675614,0.552920056639445,NA
"Itih5",2.45932928663523e-13,0.887946338822034,0.0169491514263656,1.59362424455655,12488.0555038273,10120.585122111,0.999998642772815,0.999842561143753,0.0169491525423729,0.0892857142857143,0.189830508474576,0.0169491525423729,0.178571428571429,0.0949152542372881,4.91675161604874,NA,NA,NA,NA,0.177995484385115,0.562562130532453,NA
"Pla2g4a",0.800246640880758,0.955178537224486,1.44245684474075,1.5936242269606,10515.0284775917,10501.3273580076,0.999862838317746,0.999848268474108,0.203389830508475,0.0357142857142857,5.69491525423729,0.288135593220339,0.0714285714285714,4.03389830508475,4.91207339946574,NA,NA,NA,NA,0.178349950831496,0.562594246445298,NA
"Ptgis",0.924754816706831,0.818418673864408,1.12626076083587,2.16353274100261,17678.367617983,11345.3122870161,0.999936295644629,0.999809337973011,0.0677966101694915,0.232142857142857,0.292046936114733,0.0847457627118644,0.392857142857143,0.215716486902928,4.89152173791828,NA,NA,NA,NA,0.179914985364801,0.566437545445251,NA
"Ramp2",0.208365945296298,0.118672581813315,3.85386019184212,4.76148635289474,11.135287890432,6.68836797279581,0.742889978090241,0.584144372718247,2.71186440677966,3.23214285714286,0.839029871710834,3.05084745762712,4.19642857142857,0.727010457987739,4.85928134463836,NA,NA,NA,NA,0.182396050546628,0.573144512679211,NA
"Creg1",0.223089818450542,0.471439789178922,1.94163317804581,2.43248402554724,5.11759383883938,10833.6294620536,0.72495102177596,0.999775519553353,1.1864406779661,0.803571428571429,1.47645951035782,1.50847457627119,1.28571428571429,1.17325800376648,4.79525358738158,NA,NA,NA,NA,0.187418450466031,0.587726103840417,NA
"Coro1a",0.709182860601861,0.932767804815503,0.874216552772048,1.59362426127945,12423.9134139489,17359.7333913588,0.999929639316279,0.99990820838408,0.186440677966102,0.0535714285714286,3.48022598870057,0.254237288135593,0.107142857142857,2.3728813559322,4.78210411414719,NA,NA,NA,NA,0.188465767817033,0.587726103840417,NA
"Entpd5",0.709182860601861,0.932767804815503,0.874216552772048,1.59362426127945,12423.9134139489,17359.7333913588,0.999929639316279,0.99990820838408,0.169491525423729,0.0535714285714286,3.1638418079096,0.254237288135593,0.107142857142857,2.3728813559322,4.78210411414719,NA,NA,NA,NA,0.188465767817033,0.587726103840417,NA
"Arhgdib",0.709183013463481,0.932767804815503,0.874217463021141,1.59362426127945,16696.4887106589,17359.7333913588,0.999947643381366,0.99990820838408,0.186440677966102,0.0535714285714286,3.48022598870057,0.254237288135593,0.107142857142857,2.3728813559322,4.7819859872925,NA,NA,NA,NA,0.188475200986768,0.587726103840417,NA
"Nid1",0.883673223619871,0.788356959715753,0.874217283445388,1.85622288020287,13868.1535804443,19533.6646614212,0.999936966217373,0.999904982166015,0.0677966101694915,0.232142857142857,0.292046936114733,0.101694915254237,0.392857142857143,0.258859784283513,4.74890769281015,NA,NA,NA,NA,0.191134113273988,0.594882173504184,NA
"Lpl",0.572070602850453,0.429183802863101,1.78233107795719,2.37754794008365,10809.9379182187,13754.1455959833,0.999835148243123,0.999827169415178,0.576271186440678,0.839285714285714,0.686620988099531,0.76271186440678,1.35714285714286,0.56199821587868,4.7281939886073,NA,NA,NA,NA,0.192816897383736,0.598978726853659,NA
"Aadat",9.536192702922e-10,0.941271093099295,0.0338983061167312,2.43248427546192,17687.4039316276,17980.490313307,0.999998083481257,0.999864733652986,0.0338983050847458,0.0892857142857143,0.379661016949153,0.0338983050847458,0.142857142857143,0.23728813559322,4.72333208130102,NA,NA,NA,NA,0.193213875314238,0.599073002397466,NA
"Gas7",0.699019130222862,0.910357071354275,1.12626120696962,1.59362425349846,16095.1490388404,11291.6473704941,0.999930029700289,0.99985888689932,0.23728813559322,0.0714285714285714,3.32203389830509,0.338983050847458,0.142857142857143,2.3728813559322,4.71772782585877,NA,NA,NA,NA,0.193672411260452,0.599357424241627,NA
"Fam65a",0.611847036686442,0.887946338822034,0.742324857581583,1.59362424455655,17357.8972711577,10120.585122111,0.999957236000351,0.999842561143753,0.203389830508475,0.0892857142857143,2.27796610169492,0.288135593220339,0.178571428571429,1.6135593220339,4.67805573513343,NA,NA,NA,NA,0.196947448074965,0.608340510689023,NA
"Peak1",0.664295671408592,0.932767804815503,0.605860010983846,1.59362426127945,11898.8448272306,17359.7333913588,0.999949085043763,0.99990820838408,0.169491525423729,0.0535714285714286,3.1638418079096,0.203389830508475,0.107142857142857,1.89830508474576,4.67112344017418,NA,NA,NA,NA,0.197524991608247,0.608973276014861,NA
"Lrp5",0.592856217518357,0.849715366262648,0.874217460566274,1.78233328328745,12268.6049497903,17278.112628524,0.999928748608751,0.999896855085796,0.271186440677966,0.142857142857143,1.89830508474576,0.355932203389831,0.267857142857143,1.32881355932203,4.64812000638852,NA,NA,NA,NA,0.199452762066274,0.613758593627667,NA
"Pycard",0.821370043218321,0.831354492137489,1.42326232034794,3.17656814534077,17916.6876297332,40.0877195237379,0.999920568505858,0.926577592825801,0.169491525423729,0.357142857142857,0.474576271186441,0.254237288135593,0.535714285714286,0.474576271186441,4.62095974729905,NA,NA,NA,NA,0.201751404820906,0.619665029092784,NA
"Tgfb1i1",2.45932928663523e-13,0.878096582449708,0.0169491514263656,1.3183738986847,12488.0555038273,16285.3815221415,0.999998642772815,0.999919052115708,0.0169491525423729,0.0892857142857143,0.189830508474576,0.0169491525423729,0.160714285714286,0.105461393596987,4.6049076894566,NA,NA,NA,NA,0.203121479263012,0.622702621230323,NA
"Rasgrp2",0.69490691174732,0.759942899667176,0.944418581547235,2.23161192167508,15908.1315413781,11303.8099206908,0.999940636490521,0.999802617749525,0.220338983050847,0.321428571428571,0.685499058380414,0.288135593220339,0.535714285714286,0.537853107344633,4.59995017452923,NA,NA,NA,NA,0.20354635600217,0.622836602448588,NA
"Tmbim4",0.238544085302871,0.465648327150929,1.86974541858556,1.80458714289961,18835.0774821783,16635.0297985358,0.999900740528919,0.999891530618081,1.11864406779661,0.535714285714286,2.08813559322034,1.42372881355932,0.964285714285714,1.47645951035782,4.5877910049735,NA,NA,NA,NA,0.204591936275557,0.624865839017308,NA
"Hpgd",9.536192702922e-10,0.887946338822034,0.0338983061167312,1.59362424455655,17687.4039316276,10120.585122111,0.999998083481257,0.999842561143753,0.0338983050847458,0.0892857142857143,0.379661016949153,0.0338983050847458,0.178571428571429,0.189830508474576,4.57688814378693,NA,NA,NA,NA,0.20553372191744,0.626571085099062,NA
"Kcnd3",0.776197117948306,0.977589252421494,0.605859876896469,1.59362454940461,11976.0838215222,17664.4456822982,0.999949413411133,0.999909791633443,0.11864406779661,0.0178571428571429,6.64406779661017,0.135593220338983,0.0357142857142857,3.79661016949153,4.53163761094089,NA,NA,NA,NA,0.209485585470036,0.637429137165807,NA
"Cmbl",0.978728817498051,0.85612330253061,1.59362431512217,1.36525403510275,15920.2853760251,12950.3233840104,0.99989990978357,0.999894588723273,0.0169491525423729,0.107142857142857,0.15819209039548,0.0338983050847458,0.196428571428571,0.172573189522342,4.49988214011496,NA,NA,NA,NA,0.212300800433723,0.644794624365618,NA
"Nexn",0.978728817498051,0.87197231306923,1.59362431512217,1.81322398320228,15920.2853760251,15716.6954844218,0.99989990978357,0.999884644019554,0.0169491525423729,0.125,0.135593220338983,0.0338983050847458,0.232142857142857,0.146023468057366,4.4954583796144,NA,NA,NA,NA,0.212695747448724,0.644795642543997,NA
"Sfrp1",0.439418229724975,0.669531525055387,1.87456726661297,1.99932621893996,15615.0106353697,12262.0867986815,0.9998799653553,0.999836977154386,0.796610169491525,0.375,2.12429378531073,1.05084745762712,0.660714285714286,1.59047182775996,4.44505926694137,NA,NA,NA,NA,0.217243540520046,0.654760519640289,NA
"Hexa",0.303499411847718,0.369950487783,1.14373222480926,1.89894373151184,11556.3807003389,13475.1524482249,0.999901040034007,0.999859097982468,0.593220338983051,0.678571428571429,0.874219446922391,0.796610169491525,1.19642857142857,0.665823425246648,4.42186506267279,NA,NA,NA,NA,0.219366531660419,0.654760519640289,NA
"Ctss",1,0.932767804815503,0,1.59362426127945,1,17359.7333913588,1,0.99990820838408,0,0.0535714285714286,0,0,0.107142857142857,0,4.40222864280322,NA,NA,NA,NA,0.221178829181302,0.654760519640289,NA
"AI838599",1,0.932767804815503,0,1.59362426127945,1,17359.7333913588,1,0.99990820838408,0,0.0535714285714286,0,0,0.107142857142857,0,4.40222864280322,NA,NA,NA,NA,0.221178829181302,0.654760519640289,NA
"Htra3",1,0.932767804815503,0,1.59362426127945,1,17359.7333913588,1,0.99990820838408,0,0.0535714285714286,0,0,0.107142857142857,0,4.40222864280322,NA,NA,NA,NA,0.221178829181302,0.654760519640289,NA
"Ncf1",1,0.932767804815503,0,1.59362426127945,1,17359.7333913588,1,0.99990820838408,0,0.0535714285714286,0,0,0.107142857142857,0,4.40222864280322,NA,NA,NA,NA,0.221178829181302,0.654760519640289,NA
"Tnnt1",1,0.932767804815503,0,1.59362426127945,1,17359.7333913588,1,0.99990820838408,0,0.0535714285714286,0,0,0.107142857142857,0,4.40222864280322,NA,NA,NA,NA,0.221178829181302,0.654760519640289,NA
"Gm26710",1,0.932767804815503,0,1.59362426127945,1,17359.7333913588,1,0.99990820838408,0,0.0535714285714286,0,0,0.107142857142857,0,4.40222864280322,NA,NA,NA,NA,0.221178829181302,0.654760519640289,NA
"Irf1",1,0.932767804815503,0,1.59362426127945,1,17359.7333913588,1,0.99990820838408,0,0.0535714285714286,0,0,0.107142857142857,0,4.40222864280322,NA,NA,NA,NA,0.221178829181302,0.654760519640289,NA
"Pxdc1",1,0.932767804815503,0,1.59362426127945,1,17359.7333913588,1,0.99990820838408,0,0.0535714285714286,0,0,0.107142857142857,0,4.40222864280322,NA,NA,NA,NA,0.221178829181302,0.654760519640289,NA
"Acvr1b",1,0.932767804815503,0,1.59362426127945,1,17359.7333913588,1,0.99990820838408,0,0.0535714285714286,0,0,0.107142857142857,0,4.40222864280322,NA,NA,NA,NA,0.221178829181302,0.654760519640289,NA
"Hspa1b",1,0.932767800760185,0,1.59362409688499,1,10811.3995009989,1,0.999852619521861,0,0.0714285714285714,0,0,0.107142857142857,0,4.40217168689257,NA,NA,NA,NA,0.221184105829484,0.654760519640289,NA
"Cygb",1,0.938286855925688,0,2.02550181232652,1,11064.2442511085,1,0.999816966163165,0,0.0714285714285714,0,0,0.125,0,4.40208595910863,NA,NA,NA,NA,0.221192048250575,0.654760519640289,NA
"St6galnac3",0.448214295952124,0.766166458373194,1.10580861570184,1.83280565519639,3.27620049576454,14337.0623449402,0.747648033682021,0.999872179436704,0.474576271186441,0.232142857142857,2.04432855280313,0.610169491525424,0.428571428571429,1.42372881355932,4.34641715979546,NA,NA,NA,NA,0.226405483899044,0.668873044910242,NA
"Phyh",0.512913190235578,0.788356959715753,0.939518255566388,1.85622288020287,9.37835329759307,19533.6646614212,0.908942629230668,0.999904982166015,0.338983050847458,0.214285714285714,1.5819209039548,0.457627118644068,0.392857142857143,1.16486902927581,4.34248212361547,NA,NA,NA,NA,0.226778253904696,0.668873044910242,NA
"Foxc2",0.800246632854507,0.643129121070604,1.44245652400665,1.90144803204001,11459.6490908309,17876.5360845617,0.999874143181036,0.999893645737857,0.203389830508475,0.375,0.542372881355932,0.288135593220339,0.678571428571429,0.424620874219447,4.3369523696708,NA,NA,NA,NA,0.227303048109506,0.669212938037718,NA
"Flrt2",0.867993411801254,0.722610386288224,1.02717018518171,1.4806404523592,16046.5363113795,10527.4700560862,0.999935992140716,0.999859374357898,0.0847457627118644,0.214285714285714,0.395480225988701,0.135593220338983,0.410714285714286,0.330140014738394,4.3064755630175,NA,NA,NA,NA,0.230215517058764,0.676568623874137,NA
"Nebl",0.754781612564378,0.932767804815503,1.17501632510133,1.59362426127945,17270.2343011199,17359.7333913588,0.999931967548015,0.99990820838408,0.169491525423729,0.0535714285714286,3.1638418079096,0.288135593220339,0.107142857142857,2.68926553672316,4.27246336283167,NA,NA,NA,NA,0.233506325725262,0.685007784982188,NA
"Pcx",0.924754816706831,0.805109263319482,1.12626076083587,1.74090219088278,17678.367617983,19444.4166282836,0.999936295644629,0.999910475774551,0.0508474576271186,0.178571428571429,0.284745762711864,0.0847457627118644,0.339285714285714,0.249776984834969,4.26090469450048,NA,NA,NA,NA,0.234634470229466,0.687083735403131,NA
"Ren1",0.503835013052477,0.887946338822034,0.273282525406517,1.59362424455655,16391.3660210047,10120.585122111,0.999983327931981,0.999842561143753,0.11864406779661,0.0892857142857143,1.32881355932203,0.135593220338983,0.178571428571429,0.759322033898305,4.23352193258006,NA,NA,NA,NA,0.237327060716397,0.693359847493626,NA
"Mbnl1",0.566861456858468,0.479876422857353,1.52610966458403,2.23161260486975,19505.1116455805,17146.0580967753,0.99992176459707,0.999869863838162,0.508474576271186,0.714285714285714,0.711864406779661,0.661016949152542,1.16071428571429,0.569491525423729,4.19970370453308,NA,NA,NA,NA,0.240691551675773,0.693359847493626,NA
"Gss",0.599282469125783,0.827424189349123,0.549861079998124,1.75906133902174,16131.3497833353,14103.6517775183,0.99996591467266,0.999875291733143,0.186440677966102,0.160714285714286,1.16007532956685,0.220338983050847,0.303571428571429,0.725822532402792,4.19931246134036,NA,NA,NA,NA,0.240730729875655,0.693359847493626,NA
"Slc9a3r2",0.651019853726513,0.887946338822034,0.874216942049904,1.59362424455655,14870.0276503639,10120.585122111,0.999941212917021,0.999842561143753,0.23728813559322,0.0892857142857143,2.65762711864407,0.305084745762712,0.178571428571429,1.70847457627119,4.147091842858,NA,NA,NA,NA,0.246012666316603,0.693359847493626,NA
"Pcsk5",0.651019853726513,0.887946338822034,0.874216942049904,1.59362424455655,14870.0276503639,10120.585122111,0.999941212917021,0.999842561143753,0.23728813559322,0.0892857142857143,2.65762711864407,0.305084745762712,0.178571428571429,1.70847457627119,4.147091842858,NA,NA,NA,NA,0.246012666316603,0.693359847493626,NA
"Loxl2",0.888098555423982,0.820714173157125,0.605860017323186,1.59362533327404,13246.0655873156,16172.048404557,0.999954263226069,0.99990146775041,0.0508474576271186,0.142857142857143,0.355932203389831,0.0677966101694915,0.285714285714286,0.23728813559322,4.12712816664185,NA,NA,NA,NA,0.248059760954939,0.693359847493626,NA
"Sipa1",0.599282469125783,0.731071219598603,0.549861079998124,1.59362425992554,16131.3497833353,15112.1070009806,0.99996591467266,0.999894557640154,0.169491525423729,0.214285714285714,0.790960451977401,0.220338983050847,0.428571428571429,0.514124293785311,4.11247261253652,NA,NA,NA,NA,0.24957244264799,0.693359847493626,NA
"Cox4i2",0.981978185277739,0.878096582449708,2.82143937184934,1.3183738986847,13198.9831520707,16285.3815221415,0.999786283810497,0.999919052115708,0.0338983050847458,0.0892857142857143,0.379661016949153,0.0508474576271186,0.160714285714286,0.31638418079096,4.10476470754645,NA,NA,NA,NA,0.250371392005029,0.693359847493626,NA
"Dusp3",0.705908173719353,0.554532118008172,1.38317181665893,1.84396811629027,10895.7771157256,10535.0015219285,0.999873070434851,0.999824998087138,0.288135593220339,0.446428571428571,0.645423728813559,0.406779661016949,0.821428571428571,0.49521002210759,4.09955956896655,NA,NA,NA,NA,0.250912240516218,0.693359847493626,NA
"B3gat2",0.924754816706831,1,1.12626076083587,0,17678.367617983,1,0.999936295644629,1,0.0508474576271186,0,Inf,0.0847457627118644,0,Inf,4.08065104208582,NA,NA,NA,NA,0.252885938300206,0.693359847493626,NA
"Gjb1",0.924754816706831,1,1.12626076083587,0,17678.367617983,1,0.999936295644629,1,0.0677966101694915,0,Inf,0.0847457627118644,0,Inf,4.08065104208582,NA,NA,NA,NA,0.252885938300206,0.693359847493626,NA
"Fzd10",0.924754816706831,1,1.12626076083587,0,17678.367617983,1,0.999936295644629,1,0.0508474576271186,0,Inf,0.0847457627118644,0,Inf,4.08065104208582,NA,NA,NA,NA,0.252885938300206,0.693359847493626,NA
"Tmem229a",0.924754816706831,1,1.12626076083587,0,17678.367617983,1,0.999936295644629,1,0.0508474576271186,0,Inf,0.0847457627118644,0,Inf,4.08065104208582,NA,NA,NA,NA,0.252885938300206,0.693359847493626,NA
"Trim47",0.924754816706831,1,1.12626076083587,0,17678.367617983,1,0.999936295644629,1,0.0508474576271186,0,Inf,0.0847457627118644,0,Inf,4.08065104208582,NA,NA,NA,NA,0.252885938300206,0.693359847493626,NA
"Smim22",0.924754816706831,1,1.12626076083587,0,17678.367617983,1,0.999936295644629,1,0.0677966101694915,0,Inf,0.0847457627118644,0,Inf,4.08065104208582,NA,NA,NA,NA,0.252885938300206,0.693359847493626,NA
"Emilin2",0.924754816706831,1,1.12626076083587,0,17678.367617983,1,0.999936295644629,1,0.0508474576271186,0,Inf,0.0847457627118644,0,Inf,4.08065104208582,NA,NA,NA,NA,0.252885938300206,0.693359847493626,NA
"Ms4a7",0.924754816706831,1,1.12626076083587,0,17678.367617983,1,0.999936295644629,1,0.0508474576271186,0,Inf,0.0847457627118644,0,Inf,4.08065104208582,NA,NA,NA,NA,0.252885938300206,0.693359847493626,NA
"Keg1",0.924754816706831,1,1.12626076083587,0,17678.367617983,1,0.999936295644629,1,0.0508474576271186,0,Inf,0.0847457627118644,0,Inf,4.08065104208582,NA,NA,NA,NA,0.252885938300206,0.693359847493626,NA
"Irx1",0.944257308574138,1,2.43248427751131,0,15163.6738215116,1,0.999839610495373,1,0.0847457627118644,0,Inf,0.135593220338983,0,Inf,4.08061941669038,NA,NA,NA,NA,0.2528892512224,0.693359847493626,NA
"C4bp",0.888098555423982,1,0.605860017323186,0,13246.0655873156,1,0.999954263226069,1,0.0677966101694915,0,Inf,0.0677966101694915,0,Inf,4.08061728671727,NA,NA,NA,NA,0.252889474349418,0.693359847493626,NA
"Dapl1",0.888098555423982,1,0.605860017323186,0,13246.0655873156,1,0.999954263226069,1,0.0508474576271186,0,Inf,0.0677966101694915,0,Inf,4.08061728671727,NA,NA,NA,NA,0.252889474349418,0.693359847493626,NA
"Cds1",0.888098555423982,1,0.605860017323186,0,13246.0655873156,1,0.999954263226069,1,0.0508474576271186,0,Inf,0.0677966101694915,0,Inf,4.08061728671727,NA,NA,NA,NA,0.252889474349418,0.693359847493626,NA
"Cldn4",0.888098555423982,1,0.605860017323186,0,13246.0655873156,1,0.999954263226069,1,0.0508474576271186,0,Inf,0.0677966101694915,0,Inf,4.08061728671727,NA,NA,NA,NA,0.252889474349418,0.693359847493626,NA
"Prr15",0.888098555423982,1,0.605860017323186,0,13246.0655873156,1,0.999954263226069,1,0.0508474576271186,0,Inf,0.0677966101694915,0,Inf,4.08061728671727,NA,NA,NA,NA,0.252889474349418,0.693359847493626,NA
"Il17ra",0.888098555423982,1,0.605860017323186,0,13246.0655873156,1,0.999954263226069,1,0.0508474576271186,0,Inf,0.0677966101694915,0,Inf,4.08061728671727,NA,NA,NA,NA,0.252889474349418,0.693359847493626,NA
"Tpbgl",0.888098555423982,1,0.605860017323186,0,13246.0655873156,1,0.999954263226069,1,0.0677966101694915,0,Inf,0.0677966101694915,0,Inf,4.08061728671727,NA,NA,NA,NA,0.252889474349418,0.693359847493626,NA
"Gstt3",0.888098555423982,1,0.605860017323186,0,13246.0655873156,1,0.999954263226069,1,0.0508474576271186,0,Inf,0.0677966101694915,0,Inf,4.08061728671727,NA,NA,NA,NA,0.252889474349418,0.693359847493626,NA
"Kcnj16",0.888098555423982,1,0.605860017323186,0,13246.0655873156,1,0.999954263226069,1,0.0508474576271186,0,Inf,0.0677966101694915,0,Inf,4.08061728671727,NA,NA,NA,NA,0.252889474349418,0.693359847493626,NA
"Mal2",0.888098555423982,1,0.605860017323186,0,13246.0655873156,1,0.999954263226069,1,0.0508474576271186,0,Inf,0.0677966101694915,0,Inf,4.08061728671727,NA,NA,NA,NA,0.252889474349418,0.693359847493626,NA
"Nrros",0.888098555423982,1,0.605860017323186,0,13246.0655873156,1,0.999954263226069,1,0.0508474576271186,0,Inf,0.0677966101694915,0,Inf,4.08061728671727,NA,NA,NA,NA,0.252889474349418,0.693359847493626,NA
"Ripply3",0.888098555423982,1,0.605860017323186,0,13246.0655873156,1,0.999954263226069,1,0.0508474576271186,0,Inf,0.0677966101694915,0,Inf,4.08061728671727,NA,NA,NA,NA,0.252889474349418,0.693359847493626,NA
"Map3k8",0.888098555423982,1,0.605860017323186,0,13246.0655873156,1,0.999954263226069,1,0.0508474576271186,0,Inf,0.0677966101694915,0,Inf,4.08061728671727,NA,NA,NA,NA,0.252889474349418,0.693359847493626,NA
"H2-T23",0.936186404964649,1,1.59362425934849,0,10117.9045646966,1,0.999842519438258,1,0.0677966101694915,0,Inf,0.101694915254237,0,Inf,4.08057929340353,NA,NA,NA,NA,0.252893454399172,0.693359847493626,NA
"Itga4",0.936186371045514,1,1.59362423334668,0,10879.7713093438,1,0.999853545557651,1,0.0508474576271186,0,Inf,0.101694915254237,0,Inf,4.08052396667326,NA,NA,NA,NA,0.25289925034051,0.693359847493626,NA
"Slc2a2",0.936186371045514,1,1.59362423334668,0,10879.7713093438,1,0.999853545557651,1,0.0508474576271186,0,Inf,0.101694915254237,0,Inf,4.08052396667326,NA,NA,NA,NA,0.25289925034051,0.693359847493626,NA
"Metrnl",0.936186371045514,1,1.59362423334668,0,10879.7713093438,1,0.999853545557651,1,0.0508474576271186,0,Inf,0.101694915254237,0,Inf,4.08052396667326,NA,NA,NA,NA,0.25289925034051,0.693359847493626,NA
"Wfdc15b",0.941424875621571,1,2.02550319338643,0,10799.4509017354,1,0.999812479042915,1,0.0677966101694915,0,Inf,0.11864406779661,0,Inf,4.08049420788905,NA,NA,NA,NA,0.252902367874052,0.693359847493626,NA
"Amn",0.941424875621571,1,2.02550319338643,0,10799.4509017354,1,0.999812479042915,1,0.0677966101694915,0,Inf,0.11864406779661,0,Inf,4.08049420788905,NA,NA,NA,NA,0.252902367874052,0.693359847493626,NA
"Timp3",0.719944889830862,0.932767804815503,0.786770125739177,1.59362426127945,13270.0802655812,17359.7333913588,0.999940714489594,0.99990820838408,0.152542372881356,0.0535714285714286,2.84745762711864,0.220338983050847,0.107142857142857,2.05649717514124,4.07209404733582,NA,NA,NA,NA,0.253783770884627,0.694610856994104,NA
"4931406C07Rik",0.642724262972489,0.865535609842088,1.09111941346116,1.59362426051418,18622.6749691338,16333.0833891109,0.999941412525894,0.999902439193673,0.288135593220339,0.107142857142857,2.68926553672316,0.389830508474576,0.214285714285714,1.81920903954802,4.05800067817862,NA,NA,NA,NA,0.255268831845691,0.697507142534882,NA
"Spp1",0.803592446287829,0.938286855925688,2.071099910524,2.02550181232652,2.43733945399383,11064.2442511085,0.540617108699764,0.999816966163165,0.338983050847458,0.0714285714285714,4.74576271186441,0.406779661016949,0.125,3.25423728813559,4.05007657330492,NA,NA,NA,NA,0.256107289330487,0.69862990111188,NA
"Igfbp6",0.888098555423982,0.854637309096214,0.605860017323186,1.96552618789378,13246.0655873156,12413.5024174612,0.999954263226069,0.999841687305157,0.0677966101694915,0.160714285714286,0.421845574387947,0.0677966101694915,0.285714285714286,0.23728813559322,4.03200390769365,NA,NA,NA,NA,0.258028959212469,0.698879019923492,NA
"Nkd2",0.843161129811293,0.977589252421494,1.18874026292179,1.59362454940461,4.14877231533679,17664.4456822982,0.777285721486837,0.999909791633443,0.135593220338983,0.0178571428571429,7.59322033898305,0.186440677966102,0.0357142857142857,5.22033898305085,4.02703777313448,NA,NA,NA,NA,0.258559301146628,0.698879019923492,NA
"Pde10a",0.84950957872268,0.977589252421494,1.12626122055549,1.59362454940461,11714.1487191761,17664.4456822982,0.999903863868117,0.999909791633443,0.11864406779661,0.0178571428571429,6.64406779661017,0.169491525423729,0.0357142857142857,4.74576271186441,4.02513229958726,NA,NA,NA,NA,0.258763052832764,0.698879019923492,NA
"Gucy1b3",0.849509579555632,0.977589252421494,1.12626123183619,1.59362454940461,11543.8033789358,17664.4456822982,0.999902445379319,0.999909791633443,0.101694915254237,0.0178571428571429,5.69491525423729,0.169491525423729,0.0357142857142857,4.74576271186441,4.02511525748402,NA,NA,NA,NA,0.258764875797866,0.698879019923492,NA
"Atp6v0a4",0.849509579555632,0.977589252421494,1.12626123183619,1.59362454940461,11543.8033789358,17664.4456822982,0.999902445379319,0.999909791633443,0.101694915254237,0.0178571428571429,5.69491525423729,0.169491525423729,0.0357142857142857,4.74576271186441,4.02511525748402,NA,NA,NA,NA,0.258764875797866,0.698879019923492,NA
"Rel",0.849509579555632,0.977589252421494,1.12626123183619,1.59362454940461,11543.8033789358,17664.4456822982,0.999902445379319,0.999909791633443,0.101694915254237,0.0178571428571429,5.69491525423729,0.169491525423729,0.0357142857142857,4.74576271186441,4.02511525748402,NA,NA,NA,NA,0.258764875797866,0.698879019923492,NA
"Cdkn1a",0.851101578551947,0.792432910633366,1.59362425781622,2.9250436025426,14961.7072830298,12578.2173840211,0.999893497813906,0.999767505723795,0.169491525423729,0.428571428571429,0.395480225988701,0.23728813559322,0.607142857142857,0.390827517447657,4.01311554217139,NA,NA,NA,NA,0.260051366682642,0.700268749207513,NA
"Adgrd1",2.3602083658499e-08,1,0.0508474560617274,0,11246.8657683634,1,0.999995478987015,1,0.0508474576271186,0,Inf,0.0508474576271186,0,Inf,4.00436033771712,NA,NA,NA,NA,0.260993677030217,0.700268749207513,NA
"Creb5",2.3602083658499e-08,1,0.0508474560617274,0,11246.8657683634,1,0.999995478987015,1,0.0508474576271186,0,Inf,0.0508474576271186,0,Inf,4.00436033771712,NA,NA,NA,NA,0.260993677030217,0.700268749207513,NA
"Rtp4",2.3602083658499e-08,1,0.0508474560617274,0,11246.8657683634,1,0.999995478987015,1,0.0508474576271186,0,Inf,0.0508474576271186,0,Inf,4.00436033771712,NA,NA,NA,NA,0.260993677030217,0.700268749207513,NA
"Fzd6",0.809746612585161,0.955178537224486,1.24722168597239,1.5936242269606,12289.5413546681,10501.3273580076,0.999898523867836,0.999848268474108,0.152542372881356,0.0357142857142857,4.27118644067797,0.23728813559322,0.0714285714285714,3.32203389830509,3.96298748040651,NA,NA,NA,NA,0.265488649555774,0.711161398973991,NA
"Fam149a",0.747780225671457,0.916303359367223,1.34399869352635,1.92019991432686,13491.6837029386,10284.5978331122,0.999900393097587,0.999813328484123,0.271186440677966,0.0892857142857143,3.03728813559322,0.338983050847458,0.160714285714286,2.10922787193974,3.94322153492658,NA,NA,NA,NA,0.267660809645919,0.715806486025256,NA
"Fut9",0.872372808547197,0.977589252421494,1.59362462458538,1.59362454940461,18502.4218457448,17664.4456822982,0.999913876821648,0.999909791633443,0.152542372881356,0.0178571428571429,8.54237288135593,0.203389830508475,0.0357142857142857,5.69491525423729,3.92138765663874,NA,NA,NA,NA,0.270078921315876,0.720027889706909,NA
"Hpn",0.872372908740346,0.977589252421494,1.59362436323307,1.59362454940461,10602.9617096113,17664.4456822982,0.9998497226604,0.999909791633443,0.11864406779661,0.0178571428571429,6.64406779661017,0.203389830508475,0.0357142857142857,5.69491525423729,3.92101268219005,NA,NA,NA,NA,0.270120622025909,0.720027889706909,NA
"Ifngr1",0.60440000416391,0.827424189349123,1.15679260368194,1.75906133902174,10638.5288878895,14103.6517775183,0.999891275678773,0.999875291733143,0.288135593220339,0.160714285714286,1.79284369114878,0.457627118644068,0.303571428571429,1.50747756729811,3.91089399201795,NA,NA,NA,NA,0.271248117615465,0.721855739712817,NA
"Heyl",0.593540450511576,0.766166458373194,2.08497422824856,1.83280565519639,14628.245146393,14337.0623449402,0.999857489597907,0.999872179436704,0.644067796610169,0.232142857142857,2.77444589308996,0.847457627118644,0.428571428571429,1.9774011299435,3.87419626643882,NA,NA,NA,NA,0.275373015177054,0.731522754290121,NA
"Tnni1",0.661276153049802,0.839961930743212,1.90145165946971,2.23161188340879,12972.7880018634,16301.1765338129,0.999853449158357,0.999863119915574,0.525423728813559,0.214285714285714,2.45197740112994,0.644067796610169,0.357142857142857,1.80338983050847,3.86905173084426,NA,NA,NA,NA,0.27595577608253,0.731522754290121,NA
"Prkcdbp",0.752789448665672,0.67096880710291,0.959862490733955,1.68242769407498,10669.6474366497,11276.9338324522,0.999910046123541,0.999850830309741,0.152542372881356,0.285714285714286,0.533898305084746,0.23728813559322,0.553571428571429,0.428649535265172,3.86668974995058,NA,NA,NA,NA,0.2762237083213,0.731522754290121,NA
"Il10rb",0.767347755561165,0.938720707143103,0.874220789620047,0.874217616744869,14217.7683173783,12623.6650009799,0.999938515875389,0.999930752512895,0.135593220338983,0.0357142857142857,3.79661016949153,0.203389830508475,0.0535714285714286,3.79661016949153,3.8623862312746,NA,NA,NA,NA,0.276712483137352,0.731631387453776,NA
"Msra",0.489721443496544,0.738075584788921,1.19575764922957,1.70442241574261,12266.3649716732,10893.3327686357,0.999902526861239,0.999843559743225,0.389830508474576,0.25,1.55932203389831,0.610169491525424,0.446428571428571,1.36677966101695,3.85836931713101,NA,NA,NA,NA,0.277169410499874,0.731655600576403,NA
"Plin2",0.659814323507065,0.865535609842088,1.19575756292077,1.59362426051418,10298.4360752455,16333.0833891109,0.999883902882906,0.999902439193673,0.271186440677966,0.107142857142857,2.53107344632768,0.406779661016949,0.214285714285714,1.89830508474576,3.82797082905256,NA,NA,NA,NA,0.280649374854565,0.739646900826385,NA
"Dnm3",2.45932928663523e-13,0.910357071354275,0.0169491514263656,1.59362425349846,12488.0555038273,11291.6473704941,0.999998642772815,0.99985888689932,0.0169491525423729,0.0714285714285714,0.23728813559322,0.0169491525423729,0.142857142857143,0.11864406779661,3.77843030489412,NA,NA,NA,NA,0.286405036616937,0.748777327731321,NA
"Col15a1",2.45932928663523e-13,0.910357071354275,0.0169491514263656,1.59362425349846,12488.0555038273,11291.6473704941,0.999998642772815,0.99985888689932,0.0169491525423729,0.0714285714285714,0.23728813559322,0.0169491525423729,0.142857142857143,0.11864406779661,3.77843030489412,NA,NA,NA,NA,0.286405036616937,0.748777327731321,NA
"Myoz1",2.45932928663523e-13,0.910357071354275,0.0169491514263656,1.59362425349846,12488.0555038273,11291.6473704941,0.999998642772815,0.99985888689932,0.0169491525423729,0.0714285714285714,0.23728813559322,0.0169491525423729,0.142857142857143,0.11864406779661,3.77843030489412,NA,NA,NA,NA,0.286405036616937,0.748777327731321,NA
"Fn3krp",2.45932928663523e-13,0.910357071354275,0.0169491514263656,1.59362425349846,12488.0555038273,11291.6473704941,0.999998642772815,0.99985888689932,0.0169491525423729,0.0714285714285714,0.23728813559322,0.0169491525423729,0.142857142857143,0.11864406779661,3.77843030489412,NA,NA,NA,NA,0.286405036616937,0.748777327731321,NA
"Pdgfrb",2.45932928663523e-13,0.910357071354275,0.0169491514263656,1.59362425349846,12488.0555038273,11291.6473704941,0.999998642772815,0.99985888689932,0.0169491525423729,0.0714285714285714,0.23728813559322,0.0169491525423729,0.142857142857143,0.11864406779661,3.77843030489412,NA,NA,NA,NA,0.286405036616937,0.748777327731321,NA
"Fhl2",0.872372908740346,0.726820682893519,1.59362436323307,1.89566746211562,10602.9617096113,11819.0701186052,0.9998497226604,0.99983963514518,0.101694915254237,0.303571428571429,0.334995014955135,0.203389830508475,0.517857142857143,0.392752776154296,3.7676185331228,NA,NA,NA,NA,0.287675172284753,0.750896535963716,NA
"Itm2a",7.37948391893576e-08,0.878096582449708,0.32203410086046,1.3183738986847,0.180916649003242,16285.3815221415,0.359710466784809,0.999919052115708,0.288135593220339,0.0892857142857143,3.2271186440678,0.322033898305085,0.160714285714286,2.00376647834275,3.7636749293828,NA,NA,NA,NA,0.2881397125387,0.750909553888733,NA
"Hebp1",0.793028136467284,0.699430570155844,1.06458434130864,1.78233116383339,15873.5751895702,12301.7675208313,0.999932938047321,0.999855136835688,0.135593220338983,0.285714285714286,0.474576271186441,0.220338983050847,0.535714285714286,0.411299435028249,3.74962245640864,NA,NA,NA,NA,0.289800513439844,0.752836309953427,NA
"Apom",0.793028136467284,0.699430570155844,1.06458434130864,1.78233116383339,15873.5751895702,12301.7675208313,0.999932938047321,0.999855136835688,0.152542372881356,0.285714285714286,0.533898305084746,0.220338983050847,0.535714285714286,0.411299435028249,3.74962245640864,NA,NA,NA,NA,0.289800513439844,0.752836309953427,NA
"Ptch1",0.659814323507065,0.543211390499198,1.19575756292077,1.72008295395098,10298.4360752455,16524.4523873191,0.999883902882906,0.999895917644751,0.288135593220339,0.428571428571429,0.672316384180791,0.406779661016949,0.785714285714286,0.517719568567026,3.72093656425074,NA,NA,NA,NA,0.293217441243805,0.758296048003462,NA
"Prrx1",9.536192702922e-10,0.910357071354275,0.0338983061167312,1.59362425349846,17687.4039316276,11291.6473704941,0.999998083481257,0.99985888689932,0.0338983050847458,0.0892857142857143,0.379661016949153,0.0338983050847458,0.142857142857143,0.23728813559322,3.7202936633911,NA,NA,NA,NA,0.293294432275513,0.758296048003462,NA
"Nr4a1",9.536192702922e-10,0.910357071354275,0.0338983061167312,1.59362425349846,17687.4039316276,11291.6473704941,0.999998083481257,0.99985888689932,0.0338983050847458,0.0714285714285714,0.474576271186441,0.0338983050847458,0.142857142857143,0.23728813559322,3.7202936633911,NA,NA,NA,NA,0.293294432275513,0.758296048003462,NA
"Fam174b",0.863438910652472,0.708660672349876,1.3652546485038,1.59362431548892,10213.6853955933,19151.1494490782,0.99986634871473,0.999916793938634,0.135593220338983,0.232142857142857,0.584093872229465,0.186440677966102,0.464285714285714,0.401564537157757,3.71044748733453,NA,NA,NA,NA,0.29447583082318,0.760147721271841,NA
"Serinc3",0.545611901637092,0.753481954032074,1.52934298257692,1.59362419601342,14102.7538829066,10171.30764354,0.999891568897328,0.999843346145404,0.525423728813559,0.214285714285714,2.45197740112994,0.694915254237288,0.392857142857143,1.76887519260401,3.70453585855651,NA,NA,NA,NA,0.29518718483684,0.760782113601573,NA
"Thnsl2",0.817441988420091,0.849715366262648,0.464212783876855,1.78233328328745,14417.1405550455,17278.112628524,0.999967802364446,0.999896855085796,0.0677966101694915,0.142857142857143,0.474576271186441,0.0847457627118644,0.267857142857143,0.31638418079096,3.69117526408877,NA,NA,NA,NA,0.296800547487696,0.763735582039206,NA
"Clec11a",0.752789448665672,0.932767804815503,0.959862490733955,1.59362426127945,10669.6474366497,17359.7333913588,0.999910046123541,0.99990820838408,0.169491525423729,0.0535714285714286,3.1638418079096,0.23728813559322,0.107142857142857,2.21468926553672,3.67555582243514,NA,NA,NA,NA,0.298696667139746,0.766391944612194,NA
"Ipo11",0.546356646760795,0.699430541260369,0.821970836401192,1.78233103042655,18991.5638685547,13597.159761288,0.999956721033189,0.999868936052648,0.322033898305085,0.285714285714286,1.1271186440678,0.372881355932203,0.535714285714286,0.696045197740113,3.67494603552905,NA,NA,NA,NA,0.298770911088107,0.766391944612194,NA
"Fzd7",0.774264380895717,0.641428292615315,1.12626124628151,1.59362426019721,13905.9951685297,11477.7428206946,0.999919015502096,0.999861174531486,0.203389830508475,0.303571428571429,0.669990029910269,0.254237288135593,0.571428571428571,0.444915254237288,3.66957319679753,NA,NA,NA,NA,0.299425787828247,0.766583773476868,NA
"Msrb1",0.272726172078181,0.422690197416924,1.28177771009127,2.01055801912514,10286.8407146793,13990.9626423416,0.999875411892594,0.99985631659617,0.779661016949153,0.678571428571429,1.14897413024086,0.932203389830508,1.16071428571429,0.803129074315515,3.66663885933565,NA,NA,NA,NA,0.299783984854173,0.766583773476868,NA
"Rhog",0.611232867125315,0.811800839582658,1.35151084327413,1.42326252294514,10294.3859465978,15836.2577221218,0.999868731030792,0.99991013441145,0.406779661016949,0.142857142857143,2.84745762711864,0.525423728813559,0.267857142857143,1.96158192090396,3.65019275966927,NA,NA,NA,NA,0.301798660238561,0.770529704421575,NA
"Dusp1",0.491650920156688,0.615917102973571,1.50037030466811,1.8132246512387,1.32678255847106,10427.9765097254,0.469299900889634,0.999826149452921,0.627118644067797,0.375,1.67231638418079,0.76271186440678,0.696428571428571,1.09517601043025,3.63353268522212,NA,NA,NA,NA,0.303851848717106,0.774561498913807,NA
"Zeb2",0.69490691174732,0.731238586027204,0.944418581547235,1.99327291478978,15908.1315413781,18943.8765860858,0.999940636490521,0.999894791164004,0.203389830508475,0.303571428571429,0.669990029910269,0.288135593220339,0.535714285714286,0.537853107344633,3.59754627453719,NA,NA,NA,NA,0.308329320924829,0.784144566628302,NA
"Eps8",0.777404744046786,0.955178537224486,0.761433682392293,1.5936242269606,10158.8740607822,10501.3273580076,0.999925053051086,0.999848268474108,0.135593220338983,0.0357142857142857,3.79661016949153,0.169491525423729,0.0714285714285714,2.3728813559322,3.59561738031432,NA,NA,NA,NA,0.308570964713585,0.784144566628302,NA
"Tppp3",0.810531713743792,0.821359484389381,0.984020700214201,2.29911050475423,14500.5559360572,14017.5202965977,0.999932143710037,0.999836009977162,0.135593220338983,0.267857142857143,0.506214689265537,0.186440677966102,0.410714285714286,0.453942520265291,3.50019654416769,NA,NA,NA,NA,0.320736630580983,0.813794494362308,NA
"Spry2",0.774106733009084,0.701356494551284,1.65069597587631,2.27217875823405,1.55421621128823,17999.5493313045,0.484948142265102,0.999873780619535,0.288135593220339,0.428571428571429,0.672316384180791,0.372881355932203,0.678571428571429,0.549509366636931,3.48374284007485,NA,NA,NA,NA,0.322876749074672,0.81795443098917,NA
"Col9a1",0.978728817498051,0.901329663840727,1.59362431512217,2.35271181067941,15920.2853760251,12960.9351354323,0.99989990978357,0.999818509637493,0.0169491525423729,0.142857142857143,0.11864406779661,0.0338983050847458,0.232142857142857,0.146023468057366,3.46548580559761,NA,NA,NA,NA,0.325266161984154,0.822732056783448,NA
"Fosb",0.751722652077757,0.623355745637116,2.1845442426996,2.60761355210414,14016.5199630868,3.28866339322051,0.999844169320956,0.557752531591685,0.423728813559322,0.642857142857143,0.659133709981167,0.542372881355932,0.982142857142857,0.552234206471495,3.45780878656268,NA,NA,NA,NA,0.32627554739196,0.824009651373204,NA
"Akap12",0.717902853731528,0.660350661266309,1.08148786413878,1.84013312748891,14770.3640600581,15022.7304496286,0.999926785238409,0.99987752507685,0.220338983050847,0.357142857142857,0.616949152542373,0.305084745762712,0.625,0.488135593220339,3.41959892847146,NA,NA,NA,NA,0.331340554138261,0.834003204763037,NA
"Ppfia4",2.3602083658499e-08,0.977589252421494,0.0508474560617274,1.59362454940461,11246.8657683634,17664.4456822982,0.999995478987015,0.999909791633443,0.0508474576271186,0.0178571428571429,2.84745762711864,0.0508474576271186,0.0357142857142857,1.42372881355932,3.41642914700557,NA,NA,NA,NA,0.33176382074417,0.834003204763037,NA
"Maf",2.3602083658499e-08,0.977589252421494,0.0508474560617274,1.59362454940461,11246.8657683634,17664.4456822982,0.999995478987015,0.999909791633443,0.0508474576271186,0.0178571428571429,2.84745762711864,0.0508474576271186,0.0357142857142857,1.42372881355932,3.41642914700557,NA,NA,NA,NA,0.33176382074417,0.834003204763037,NA
"Plagl1",0.91491517674589,0.782776588621482,1.59362381961496,1.7263369585301,16243.7051679929,18516.9618801814,0.99990190246175,0.999906778658494,0.0847457627118644,0.196428571428571,0.431432973805855,0.135593220338983,0.375,0.361581920903955,3.40411352156715,NA,NA,NA,NA,0.333412857055116,0.835068767964169,NA
"Bmpr1b",0.661091538139011,0.865535609842088,1.05023091305234,1.59362426051418,17903.9614838113,16333.0833891109,0.999941344304612,0.999902439193673,0.220338983050847,0.107142857142857,2.05649717514124,0.355932203389831,0.214285714285714,1.66101694915254,3.40215613743538,NA,NA,NA,NA,0.333675608052838,0.835068767964169,NA
"Hexb",0.635446626547893,0.810507637202067,1.81322406488624,1.88473483475772,17687.6878381051,10727.5887821384,0.999897497161819,0.999824340417843,0.474576271186441,0.214285714285714,2.21468926553672,0.661016949152542,0.357142857142857,1.85084745762712,3.40181907377672,NA,NA,NA,NA,0.33372087238715,0.835068767964169,NA
"Il4ra",2.45932928663523e-13,0.899777274306749,0.0169491514263656,1.24721888659696,12488.0555038273,18499.2496729289,0.999998642772815,0.999932584573599,0.0169491525423729,0.0714285714285714,0.23728813559322,0.0169491525423729,0.125,0.135593220338983,3.39506615013106,NA,NA,NA,NA,0.33462885912593,0.836060482892614,NA
"Plat",0.863439428138539,0.748910066931324,1.36526099701417,1.92019854787609,15391.0847834486,16317.4895541669,0.999911303204294,0.999882336519704,0.11864406779661,0.267857142857143,0.442937853107345,0.186440677966102,0.482142857142857,0.386691776522285,3.34770164723849,NA,NA,NA,NA,0.341058455006805,0.850823687757435,NA
"Tmem158",0.767345696038266,0.879971698229944,0.874214728189757,2.23161746488372,18534.1051564551,11403.719784329,0.999952834329584,0.999804346223627,0.152542372881356,0.160714285714286,0.949152542372881,0.203389830508475,0.267857142857143,0.759322033898305,3.34307969386556,NA,NA,NA,NA,0.341691619748304,0.851103821141355,NA
"Plk2",0.924754816706831,0.827424189349123,1.12626076083587,1.75906133902174,17678.367617983,14103.6517775183,0.999936295644629,0.999875291733143,0.0508474576271186,0.160714285714286,0.31638418079096,0.0847457627118644,0.303571428571429,0.279162512462612,3.31854899082725,NA,NA,NA,NA,0.345069303398458,0.858208891557199,NA
"Pdlim2",0.883673223619871,0.798303412495527,0.874217283445388,1.59362423911807,13868.1535804443,13338.6412972616,0.999936966217373,0.999880540016837,0.0677966101694915,0.160714285714286,0.421845574387947,0.101694915254237,0.321428571428571,0.31638418079096,3.300837832551,NA,NA,NA,NA,0.34752605106348,0.863005421637882,NA
"Cldn10",0.834160788094273,0.977589252421494,0.715415949110372,1.59362454940461,18998.13638252,17664.4456822982,0.999962344253395,0.999909791633443,0.101694915254237,0.0178571428571429,5.69491525423729,0.11864406779661,0.0357142857142857,3.32203389830509,3.27562484092151,NA,NA,NA,NA,0.351049647204407,0.870432660898332,NA
"Btg2",0.356226692299107,0.454999724108591,1.97458727941023,3.66972291945985,0.686679710548085,2.20266118292907,0.258027365589065,0.37508806381262,1.10169491525424,1.48214285714286,0.743312231978762,1.27118644067797,2,0.635593220338983,3.25993134680135,NA,NA,NA,NA,0.353258502797265,0.873498574737625,NA
"Tst",0.621626565250066,0.810507689415224,1.43343277974619,1.88473464684955,16283.0194510276,13296.3653335603,0.999911975379832,0.99985827198036,0.389830508474576,0.214285714285714,1.81920903954802,0.542372881355932,0.357142857142857,1.51864406779661,3.25924558121821,NA,NA,NA,NA,0.353355298593372,0.873498574737625,NA
"Anxa6",0.473604704007926,0.536652218407318,2.31829367516575,1.65719299908316,14187.9124079562,17068.9311891196,0.999836627485211,0.999902921155265,1,0.410714285714286,2.43478260869565,1.22033898305085,0.767857142857143,1.5892786756011,3.24055180363217,NA,NA,NA,NA,0.356002798616284,0.877254861410506,NA
"Sgce",0.81053166813269,0.955178537224486,0.984020254234357,1.5936242269606,11390.0832611457,10501.3273580076,0.999913614744789,0.999848268474108,0.11864406779661,0.0357142857142857,3.32203389830509,0.186440677966102,0.0714285714285714,2.61016949152542,3.23715682128945,NA,NA,NA,NA,0.356485451638051,0.877254861410506,NA
"Bdh1",0.81053166813269,0.955178537224486,0.984020254234357,1.5936242269606,11390.0832611457,10501.3273580076,0.999913614744789,0.999848268474108,0.11864406779661,0.0357142857142857,3.32203389830509,0.186440677966102,0.0714285714285714,2.61016949152542,3.23715682128945,NA,NA,NA,NA,0.356485451638051,0.877254861410506,NA
"Rfng",0.636944037977526,0.704693695141455,0.933694451210802,1.87456690262727,10684.449740128,11449.5309755137,0.999912619471549,0.999836302461241,0.254237288135593,0.303571428571429,0.837487537387837,0.338983050847458,0.553571428571429,0.612356478950246,3.20364506149394,NA,NA,NA,NA,0.361280163671896,0.883276073506676,NA
"Ehd4",0.603980238549622,0.820714173157125,1.02717019943121,1.59362533327404,15667.9778755921,16172.048404557,0.999934445729232,0.99990146775041,0.305084745762712,0.160714285714286,1.89830508474576,0.406779661016949,0.285714285714286,1.42372881355932,3.19183206336925,NA,NA,NA,NA,0.36298354446744,0.883276073506676,NA
"Sec14l1",0.678625152505975,0.626207267543104,1.00205072565023,1.6720498168824,18057.6159955543,10333.2945488028,0.999944511217687,0.999838214298912,0.220338983050847,0.321428571428571,0.685499058380414,0.322033898305085,0.625,0.515254237288136,3.18688880530399,NA,NA,NA,NA,0.363698393546831,0.883276073506676,NA
"Akr1b3",0.255129962808275,0.411394658470621,2.25269669600474,2.82143937199961,35.5193718918668,12384.8129312732,0.94036078032729,0.999772237435528,1.33898305084746,1.125,1.19020715630885,1.67796610169492,1.66071428571429,1.01038819026791,3.18520156312019,NA,NA,NA,NA,0.363942664900037,0.883276073506676,NA
"Snca",3.62864957629986e-08,0.977589252421494,0.355932175642628,1.59362454940461,0.0256647035349444,17664.4456822982,0.0672560624454206,0.999909791633443,0.322033898305085,0.0178571428571429,18.0338983050847,0.355932203389831,0.0357142857142857,9.96610169491525,3.17641572667763,NA,NA,NA,NA,0.365216925413253,0.883276073506676,NA
"Gdf11",0.662203441320298,0.849715366262648,0.802810102997408,1.78233328328745,19292.6698230312,17278.112628524,0.999958389548721,0.999896855085796,0.203389830508475,0.142857142857143,1.42372881355932,0.271186440677966,0.267857142857143,1.01242937853107,3.17135230657905,NA,NA,NA,NA,0.365953046785721,0.883276073506676,NA
"Smpdl3a",0.663828228410997,0.834003536436425,1.41171333237879,1.39848081859489,17536.7202839436,13543.275543263,0.999919506060703,0.999896750500152,0.322033898305085,0.125,2.57627118644068,0.474576271186441,0.232142857142857,2.04432855280313,3.16821042402034,NA,NA,NA,NA,0.366410456518518,0.883276073506676,NA
"Prkcd",0.76859014072849,0.916303359367223,1.3183737954546,1.92019991432686,10566.8115297016,10284.5978331122,0.999875250038797,0.999813328484123,0.169491525423729,0.0892857142857143,1.89830508474576,0.305084745762712,0.160714285714286,1.89830508474576,3.16334371498317,NA,NA,NA,NA,0.367119945875717,0.883276073506676,NA
"Basp1",0.510618273317,0.695130416222143,2.00876083581654,2.10862995058522,13193.5887918223,14613.4497086162,0.99984777037737,0.999855727034045,0.745762711864407,0.392857142857143,1.89830508474576,0.983050847457627,0.642857142857143,1.52919020715631,3.13908282375206,NA,NA,NA,NA,0.370674451063176,0.883276073506676,NA
"Tcn2",0.679602911856993,0.865535609842088,1.16381009060839,1.59362426051418,16438.5852233405,16333.0833891109,0.999929207551268,0.999902439193673,0.271186440677966,0.107142857142857,2.53107344632768,0.372881355932203,0.214285714285714,1.74011299435028,3.13355217085544,NA,NA,NA,NA,0.371488881178205,0.883276073506676,NA
"Fdx1",0.172171666302342,0.362708588143376,1.96552669353946,2.26964744134147,18597.7714946874,16711.581023509,0.999894325027753,0.999864205592953,1.30508474576271,0.892857142857143,1.46169491525424,1.6271186440678,1.44642857142857,1.12492153170119,3.12385213103425,NA,NA,NA,NA,0.372920992452034,0.883276073506676,NA
"Ndrg2",0.699019150602679,0.665213559559944,1.12626135831521,1.92020029541364,13014.377763115,17978.2174561328,0.999913467710801,0.999893204360717,0.254237288135593,0.357142857142857,0.711864406779661,0.338983050847458,0.642857142857143,0.527306967984934,3.12195725292534,NA,NA,NA,NA,0.373201303732959,0.883276073506676,NA
"Acot13",0.37556015555364,0.593673588953315,1.54714950196964,1.80185962444602,12251.5303413121,18876.41464091,0.999873733802538,0.999904553503537,0.76271186440678,0.410714285714286,1.85703758290346,0.966101694915254,0.732142857142857,1.3195535345184,3.09210202377443,NA,NA,NA,NA,0.377641695392458,0.883276073506676,NA
"Nfib",0.834160788094273,0.95999049891711,0.715415949110372,2.2316119979075,18998.13638252,10002.757568401,0.999962344253395,0.999776950083836,0.0847457627118644,0.0535714285714286,1.5819209039548,0.11864406779661,0.0892857142857143,1.32881355932203,3.0827451614491,NA,NA,NA,NA,0.379042614302778,0.883276073506676,NA
"B230312C02Rik",0.784971581274384,0.905063654563804,2.91644372212232,2.82143937409877,19152.6406027958,18623.9415104604,0.999847749469512,0.999848527659814,0.474576271186441,0.178571428571429,2.65762711864407,0.627118644067797,0.267857142857143,2.34124293785311,3.06462216167091,NA,NA,NA,NA,0.381768628857812,0.883276073506676,NA
"Pf4",0.829907116309544,0.955178537224486,1.1957576559944,1.5936242269606,10126.3118833904,10501.3273580076,0.99988192972068,0.999848268474108,0.135593220338983,0.0357142857142857,3.79661016949153,0.203389830508475,0.0714285714285714,2.84745762711864,3.03281423081867,NA,NA,NA,NA,0.386593486045564,0.883276073506676,NA
"Gnai1",0.636944037977526,0.827424189349123,0.933694451210802,1.75906133902174,10684.449740128,14103.6517775183,0.999912619471549,0.999875291733143,0.271186440677966,0.160714285714286,1.68738229755179,0.338983050847458,0.303571428571429,1.11665004985045,3.01816873543788,NA,NA,NA,NA,0.388832388611996,0.883276073506676,NA
"Mfng",9.536192702922e-10,0.932767804815503,0.0338983061167312,1.59362426127945,17687.4039316276,17359.7333913588,0.999998083481257,0.99990820838408,0.0338983050847458,0.0535714285714286,0.632768361581921,0.0338983050847458,0.107142857142857,0.31638418079096,3.00397391395317,NA,NA,NA,NA,0.391012882619923,0.883276073506676,NA
"Glul",0.207040782717656,0.288057607264225,2.82143860705737,2.33265146230866,11503.6451973451,11623.0102721081,0.999754795394944,0.999799347728695,1.88135593220339,1.03571428571429,1.81648158971362,2.23728813559322,1.66071428571429,1.34718425369054,2.99898204659098,NA,NA,NA,NA,0.391782151292614,0.883276073506676,NA
"Arhgap24",0.767347755561165,0.932767804815503,0.874220789620047,1.59362426127945,14217.7683173783,17359.7333913588,0.999938515875389,0.99990820838408,0.135593220338983,0.0535714285714286,2.53107344632768,0.203389830508475,0.107142857142857,1.89830508474576,2.99781588103852,NA,NA,NA,NA,0.391962047050782,0.883276073506676,NA
"Ndrg1",0.767347755561165,0.932767804815503,0.874220789620047,1.59362426127945,14217.7683173783,17359.7333913588,0.999938515875389,0.99990820838408,0.152542372881356,0.0535714285714286,2.84745762711864,0.203389830508475,0.107142857142857,1.89830508474576,2.99781588103852,NA,NA,NA,NA,0.391962047050782,0.883276073506676,NA
"Ddit4l",0.867993411801254,0.977589252421494,1.02717018518171,1.59362454940461,16046.5363113795,17664.4456822982,0.999935992140716,0.999909791633443,0.0847457627118644,0.0178571428571429,4.74576271186441,0.135593220338983,0.0357142857142857,3.79661016949153,2.99623825107113,NA,NA,NA,NA,0.392205527665515,0.883276073506676,NA
"Unc93b1",0.867993411801254,0.977589252421494,1.02717018518171,1.59362454940461,16046.5363113795,17664.4456822982,0.999935992140716,0.999909791633443,0.0847457627118644,0.0178571428571429,4.74576271186441,0.135593220338983,0.0357142857142857,3.79661016949153,2.99623825107113,NA,NA,NA,NA,0.392205527665515,0.883276073506676,NA
"Tgfb3",0.719944889830862,0.810507163306228,0.786770125739177,1.88473155896496,13270.0802655812,10763.2305404999,0.999940714489594,0.999824922305862,0.169491525423729,0.196428571428571,0.86286594761171,0.220338983050847,0.357142857142857,0.616949152542373,2.93201597013888,NA,NA,NA,NA,0.402226183000999,0.883276073506676,NA
"Cideb",1,0.938720707143103,0,0.874217616744869,1,12623.6650009799,1,0.999930752512895,0,0.0357142857142857,0,0,0.0535714285714286,0,2.91562294716918,NA,NA,NA,NA,0.40481824450806,0.883276073506676,NA
"Gpd1",1,0.938720707143103,0,0.874217616744869,1,12623.6650009799,1,0.999930752512895,0,0.0357142857142857,0,0,0.0535714285714286,0,2.91562294716918,NA,NA,NA,NA,0.40481824450806,0.883276073506676,NA
"C1qtnf7",1,0.95999049891711,0,2.2316119979075,1,10002.757568401,1,0.999776950083836,0,0.0535714285714286,0,0,0.0892857142857143,0,2.91557567993674,NA,NA,NA,NA,0.404825738613743,0.883276073506676,NA
"Syt4",1,0.95999049891711,0,2.2316119979075,1,10002.757568401,1,0.999776950083836,0,0.0535714285714286,0,0,0.0892857142857143,0,2.91557567993674,NA,NA,NA,NA,0.404825738613743,0.883276073506676,NA
"Mcmdc2",1,0.955178537224486,0,1.5936242269606,1,10501.3273580076,1,0.999848268474108,0,0.0357142857142857,0,0,0.0714285714285714,0,2.91554038104303,NA,NA,NA,NA,0.404831335244092,0.883276073506676,NA
"Fam129a",1,0.955178537224486,0,1.5936242269606,1,10501.3273580076,1,0.999848268474108,0,0.0357142857142857,0,0,0.0714285714285714,0,2.91554038104303,NA,NA,NA,NA,0.404831335244092,0.883276073506676,NA
"Itgb6",1,0.955178537224486,0,1.5936242269606,1,10501.3273580076,1,0.999848268474108,0,0.0357142857142857,0,0,0.0714285714285714,0,2.91554038104303,NA,NA,NA,NA,0.404831335244092,0.883276073506676,NA
"Il1b",1,0.955178537224486,0,1.5936242269606,1,10501.3273580076,1,0.999848268474108,0,0.0357142857142857,0,0,0.0714285714285714,0,2.91554038104303,NA,NA,NA,NA,0.404831335244092,0.883276073506676,NA
"Tcf15",1,0.955178537224486,0,1.5936242269606,1,10501.3273580076,1,0.999848268474108,0,0.0357142857142857,0,0,0.0714285714285714,0,2.91554038104303,NA,NA,NA,NA,0.404831335244092,0.883276073506676,NA
"Arhgef6",1,0.955178537224486,0,1.5936242269606,1,10501.3273580076,1,0.999848268474108,0,0.0357142857142857,0,0,0.0714285714285714,0,2.91554038104303,NA,NA,NA,NA,0.404831335244092,0.883276073506676,NA
"Nrk",1,0.955178537224486,0,1.5936242269606,1,10501.3273580076,1,0.999848268474108,0,0.0357142857142857,0,0,0.0714285714285714,0,2.91554038104303,NA,NA,NA,NA,0.404831335244092,0.883276073506676,NA
"Cyp2j5",1,0.955178537224486,0,1.5936242269606,1,10501.3273580076,1,0.999848268474108,0,0.0357142857142857,0,0,0.0714285714285714,0,2.91554038104303,NA,NA,NA,NA,0.404831335244092,0.883276073506676,NA
"2610528J11Rik",1,0.955178537224486,0,1.5936242269606,1,10501.3273580076,1,0.999848268474108,0,0.0357142857142857,0,0,0.0714285714285714,0,2.91554038104303,NA,NA,NA,NA,0.404831335244092,0.883276073506676,NA
"Cd52",1,0.955178537224486,0,1.5936242269606,1,10501.3273580076,1,0.999848268474108,0,0.0357142857142857,0,0,0.0714285714285714,0,2.91554038104303,NA,NA,NA,NA,0.404831335244092,0.883276073506676,NA
"Oasl2",1,0.955178537224486,0,1.5936242269606,1,10501.3273580076,1,0.999848268474108,0,0.0357142857142857,0,0,0.0714285714285714,0,2.91554038104303,NA,NA,NA,NA,0.404831335244092,0.883276073506676,NA
"Slc6a13",1,0.955178537224486,0,1.5936242269606,1,10501.3273580076,1,0.999848268474108,0,0.0357142857142857,0,0,0.0714285714285714,0,2.91554038104303,NA,NA,NA,NA,0.404831335244092,0.883276073506676,NA
"Rhcg",1,0.955178537224486,0,1.5936242269606,1,10501.3273580076,1,0.999848268474108,0,0.0357142857142857,0,0,0.0714285714285714,0,2.91554038104303,NA,NA,NA,NA,0.404831335244092,0.883276073506676,NA
"Mogat2",1,0.955178537224486,0,1.5936242269606,1,10501.3273580076,1,0.999848268474108,0,0.0357142857142857,0,0,0.0714285714285714,0,2.91554038104303,NA,NA,NA,NA,0.404831335244092,0.883276073506676,NA
"Umod",1,0.955178537224486,0,1.5936242269606,1,10501.3273580076,1,0.999848268474108,0,0.0357142857142857,0,0,0.0714285714285714,0,2.91554038104303,NA,NA,NA,NA,0.404831335244092,0.883276073506676,NA
"Gpr182",1,0.955178537224486,0,1.5936242269606,1,10501.3273580076,1,0.999848268474108,0,0.0357142857142857,0,0,0.0714285714285714,0,2.91554038104303,NA,NA,NA,NA,0.404831335244092,0.883276073506676,NA
"Gdf15",1,0.955178537224486,0,1.5936242269606,1,10501.3273580076,1,0.999848268474108,0,0.0357142857142857,0,0,0.0714285714285714,0,2.91554038104303,NA,NA,NA,NA,0.404831335244092,0.883276073506676,NA
"Adcy7",1,0.955178537224486,0,1.5936242269606,1,10501.3273580076,1,0.999848268474108,0,0.0357142857142857,0,0,0.0714285714285714,0,2.91554038104303,NA,NA,NA,NA,0.404831335244092,0.883276073506676,NA
"Slc37a2",1,0.955178537224486,0,1.5936242269606,1,10501.3273580076,1,0.999848268474108,0,0.0357142857142857,0,0,0.0714285714285714,0,2.91554038104303,NA,NA,NA,NA,0.404831335244092,0.883276073506676,NA
"Arhgap20",1,0.955178537224486,0,1.5936242269606,1,10501.3273580076,1,0.999848268474108,0,0.0357142857142857,0,0,0.0714285714285714,0,2.91554038104303,NA,NA,NA,NA,0.404831335244092,0.883276073506676,NA
"Ccrl2",1,0.955178537224486,0,1.5936242269606,1,10501.3273580076,1,0.999848268474108,0,0.0357142857142857,0,0,0.0714285714285714,0,2.91554038104303,NA,NA,NA,NA,0.404831335244092,0.883276073506676,NA
"Hfe",1,0.955178537224486,0,1.5936242269606,1,10501.3273580076,1,0.999848268474108,0,0.0357142857142857,0,0,0.0714285714285714,0,2.91554038104303,NA,NA,NA,NA,0.404831335244092,0.883276073506676,NA
"S1pr3",1,0.955178537224486,0,1.5936242269606,1,10501.3273580076,1,0.999848268474108,0,0.0357142857142857,0,0,0.0714285714285714,0,2.91554038104303,NA,NA,NA,NA,0.404831335244092,0.883276073506676,NA
"Mef2c",1,0.955178537224486,0,1.5936242269606,1,10501.3273580076,1,0.999848268474108,0,0.0357142857142857,0,0,0.0714285714285714,0,2.91554038104303,NA,NA,NA,NA,0.404831335244092,0.883276073506676,NA
"Rsad2",1,0.955178537224486,0,1.5936242269606,1,10501.3273580076,1,0.999848268474108,0,0.0357142857142857,0,0,0.0714285714285714,0,2.91554038104303,NA,NA,NA,NA,0.404831335244092,0.883276073506676,NA
"Gm17056",1,0.955178537224486,0,1.5936242269606,1,10501.3273580076,1,0.999848268474108,0,0.0357142857142857,0,0,0.0714285714285714,0,2.91554038104303,NA,NA,NA,NA,0.404831335244092,0.883276073506676,NA
"Slc22a2",1,0.955178537224486,0,1.5936242269606,1,10501.3273580076,1,0.999848268474108,0,0.0357142857142857,0,0,0.0714285714285714,0,2.91554038104303,NA,NA,NA,NA,0.404831335244092,0.883276073506676,NA
"Abcg1",1,0.955178537224486,0,1.5936242269606,1,10501.3273580076,1,0.999848268474108,0,0.0357142857142857,0,0,0.0714285714285714,0,2.91554038104303,NA,NA,NA,NA,0.404831335244092,0.883276073506676,NA
"Lst1",1,0.955178537224486,0,1.5936242269606,1,10501.3273580076,1,0.999848268474108,0,0.0357142857142857,0,0,0.0714285714285714,0,2.91554038104303,NA,NA,NA,NA,0.404831335244092,0.883276073506676,NA
"Aldh3b1",1,0.955178537224486,0,1.5936242269606,1,10501.3273580076,1,0.999848268474108,0,0.0357142857142857,0,0,0.0714285714285714,0,2.91554038104303,NA,NA,NA,NA,0.404831335244092,0.883276073506676,NA
"Slc22a30",1,0.955178537224486,0,1.5936242269606,1,10501.3273580076,1,0.999848268474108,0,0.0357142857142857,0,0,0.0714285714285714,0,2.91554038104303,NA,NA,NA,NA,0.404831335244092,0.883276073506676,NA
"Il11ra1",0.332912599174102,0.3627084796535,2.43913862732687,2.26964909923081,5.10980871779342,14278.2107920049,0.676890231734951,0.999841066334666,1.23728813559322,0.875,1.41404358353511,1.6271186440678,1.44642857142857,1.12492153170119,2.89673389477252,NA,NA,NA,NA,0.407822335343054,0.883276073506676,NA
"Olfml3",0.936186371045514,0.820714119253762,1.59362423334668,1.59362440911332,10879.7713093438,15517.3797528171,0.999853545557651,0.999897311222181,0.0508474576271186,0.160714285714286,0.31638418079096,0.101694915254237,0.285714285714286,0.355932203389831,2.89586155502495,NA,NA,NA,NA,0.407961520931332,0.883276073506676,NA
"Mpped2",0.752789448665672,0.858406900173474,0.959862490733955,2.14397048840906,10669.6474366497,14508.8907362864,0.999910046123541,0.999852252404344,0.186440677966102,0.178571428571429,1.04406779661017,0.23728813559322,0.303571428571429,0.781655034895314,2.88885685189641,NA,NA,NA,NA,0.409080593201509,0.883276073506676,NA
"Pth1r",0.888098555423982,0.87197231306923,0.605860017323186,1.81322398320228,13246.0655873156,15716.6954844218,0.999954263226069,0.999884644019554,0.0677966101694915,0.125,0.542372881355932,0.0677966101694915,0.232142857142857,0.292046936114733,2.87569542718906,NA,NA,NA,NA,0.411190205248817,0.883276073506676,NA
"Gucy1a3",0.884295059313881,0.977589252421494,1.31837393165456,1.59362454940461,17679.9818396182,17664.4456822982,0.999925436822194,0.999909791633443,0.11864406779661,0.0178571428571429,6.64406779661017,0.152542372881356,0.0357142857142857,4.27118644067797,2.87447316039412,NA,NA,NA,NA,0.411386579593955,0.883276073506676,NA
"Rgcc",0.884295059313881,0.977589252421494,1.31837393165456,1.59362454940461,17679.9818396182,17664.4456822982,0.999925436822194,0.999909791633443,0.101694915254237,0.0178571428571429,5.69491525423729,0.152542372881356,0.0357142857142857,4.27118644067797,2.87447316039412,NA,NA,NA,NA,0.411386579593955,0.883276073506676,NA
"Ramp3",0.884295059313881,0.977589252421494,1.31837393165456,1.59362454940461,17679.9818396182,17664.4456822982,0.999925436822194,0.999909791633443,0.0847457627118644,0.0178571428571429,4.74576271186441,0.152542372881356,0.0357142857142857,4.27118644067797,2.87447316039412,NA,NA,NA,NA,0.411386579593955,0.883276073506676,NA
"Anpep",0.884295063592275,0.977589252421494,1.31837393934346,1.59362454940461,13488.2241179261,17664.4456822982,0.999902266964196,0.999909791633443,0.101694915254237,0.0178571428571429,5.69491525423729,0.152542372881356,0.0357142857142857,4.27118644067797,2.87432849989048,NA,NA,NA,NA,0.411409826517847,0.883276073506676,NA
"Cttnbp2",0.735985926568921,0.894178484297315,1.02717128086693,1.85622440340545,11612.7871720169,13185.9434555604,0.999911556078778,0.999859246845687,0.203389830508475,0.107142857142857,1.89830508474576,0.271186440677966,0.196428571428571,1.38058551617874,2.86772739596211,NA,NA,NA,NA,0.412471790004153,0.883276073506676,NA
"Folr1",0.899559222202198,0.977589252421494,1.85622504540793,1.59362454940461,14873.4846445973,17664.4456822982,0.999875214621186,0.999909791633443,0.101694915254237,0.0178571428571429,5.69491525423729,0.186440677966102,0.0357142857142857,5.22033898305085,2.86679660327505,NA,NA,NA,NA,0.412621716602062,0.883276073506676,NA
"Sema3d",0.729849493303743,0.95517853400999,0.376437964688791,1.59362422642885,17611.8219038519,14034.8286293462,0.99997862629313,0.9998864650694,0.0847457627118644,0.0535714285714286,1.5819209039548,0.101694915254237,0.0714285714285714,1.42372881355932,2.85810084306638,NA,NA,NA,NA,0.414024574552034,0.883276073506676,NA
"S100a13",0.726877793376535,0.876573794274787,1.36525462697837,2.0255021617049,13434.184454452,12427.8824179475,0.999898384907463,0.999837046084756,0.254237288135593,0.142857142857143,1.77966101694915,0.372881355932203,0.25,1.49152542372881,2.85682440554217,NA,NA,NA,NA,0.414230832068594,0.883276073506676,NA
"Hs3st3a1",0.893643985182714,0.977589252421494,1.59362425987574,1.59362454940461,10011.8692963558,17664.4456822982,0.999840851833925,0.999909791633443,0.101694915254237,0.0178571428571429,5.69491525423729,0.169491525423729,0.0357142857142857,4.74576271186441,2.84180238231866,NA,NA,NA,NA,0.416664650866583,0.883276073506676,NA
"Fzd8",0.893643985182714,0.977589252421494,1.59362425987574,1.59362454940461,10011.8692963558,17664.4456822982,0.999840851833925,0.999909791633443,0.152542372881356,0.0178571428571429,8.54237288135593,0.169491525423729,0.0357142857142857,4.74576271186441,2.84180238231866,NA,NA,NA,NA,0.416664650866583,0.883276073506676,NA
"Retsat",0.893643938750016,0.977589252421494,1.59362452947855,1.59362454940461,10591.2769029685,17664.4456822982,0.999849556876454,0.999909791633443,0.0847457627118644,0.0178571428571429,4.74576271186441,0.169491525423729,0.0357142857142857,4.74576271186441,2.84167544078535,NA,NA,NA,NA,0.416685268087691,0.883276073506676,NA
"Gsr",0.308827395721591,0.141248992038566,2.37866547070211,2.24578650901411,17619.9988605823,11401.403931486,0.999865020172948,0.999803064232544,1.33898305084746,1.16071428571429,1.15358539765319,1.64406779661017,1.92857142857143,0.85247959824231,2.83850610483319,NA,NA,NA,NA,0.417200291042154,0.883276073506676,NA
"1190002N15Rik",0.709183013463481,0.686249639589164,0.874217463021141,1.59362414118005,16696.4887106589,14415.1567121142,0.999947643381366,0.99988946023868,0.203389830508475,0.267857142857143,0.759322033898305,0.254237288135593,0.5,0.508474576271186,2.8091807221133,NA,NA,NA,NA,0.421990835786694,0.883276073506676,NA
"Nes",0.558180666448715,0.510072693540049,1.45776281816463,2.07756828678719,12995.1584195918,12689.9744588477,0.999887835202817,0.999836309504378,0.474576271186441,0.589285714285714,0.805341551104263,0.644067796610169,1.01785714285714,0.632768361581921,2.78474777972485,NA,NA,NA,NA,0.426016862467722,0.883276073506676,NA
"Man2b1",0.768589796235343,0.910357071354275,1.31837062055751,1.59362425349846,14928.4167979352,11291.6473704941,0.999911694976122,0.99985888689932,0.220338983050847,0.0714285714285714,3.08474576271186,0.305084745762712,0.142857142857143,2.13559322033898,2.77758081639928,NA,NA,NA,NA,0.427203823474535,0.883276073506676,NA
"Podxl2",0.485203903745833,0.513581640526351,1.41573249073611,2.12926612522564,11229.7245366794,12645.6944458217,0.999873945792074,0.999831649604413,0.525423728813559,0.607142857142857,0.865403788634098,0.728813559322034,1.03571428571429,0.703682057276446,2.76644796604421,NA,NA,NA,NA,0.429053002606733,0.883276073506676,NA
"Casc5",0.648549158987415,0.782776588621482,2.02550196972839,1.7263369585301,10837.2001565538,18516.9618801814,0.999813132226089,0.999906778658494,0.627118644067797,0.196428571428571,3.19260400616333,0.711864406779661,0.375,1.89830508474576,2.76415725432034,NA,NA,NA,NA,0.429434308930104,0.883276073506676,NA
"Pros1",0.723668586920121,0.910357071354275,0.674699544653475,1.59362425349846,16259.5635494219,11291.6473704941,0.999958506171046,0.99985888689932,0.152542372881356,0.0714285714285714,2.13559322033898,0.186440677966102,0.142857142857143,1.30508474576271,2.74555641269917,NA,NA,NA,NA,0.432540891060563,0.883276073506676,NA
"Npr1",2.45932928663523e-13,0.932767804815503,0.0169491514263656,1.59362426127945,12488.0555038273,17359.7333913588,0.999998642772815,0.99990820838408,0.0169491525423729,0.0535714285714286,0.31638418079096,0.0169491525423729,0.107142857142857,0.15819209039548,2.74506125085004,NA,NA,NA,NA,0.432623841101999,0.883276073506676,NA
"Rab3b",2.45932928663523e-13,0.932767804815503,0.0169491514263656,1.59362426127945,12488.0555038273,17359.7333913588,0.999998642772815,0.99990820838408,0.0169491525423729,0.0535714285714286,0.31638418079096,0.0169491525423729,0.107142857142857,0.15819209039548,2.74506125085004,NA,NA,NA,NA,0.432623841101999,0.883276073506676,NA
"Rassf9",2.45932928663523e-13,0.932767804815503,0.0169491514263656,1.59362426127945,12488.0555038273,17359.7333913588,0.999998642772815,0.99990820838408,0.0169491525423729,0.0535714285714286,0.31638418079096,0.0169491525423729,0.107142857142857,0.15819209039548,2.74506125085004,NA,NA,NA,NA,0.432623841101999,0.883276073506676,NA
"Alx1",2.45932928663523e-13,0.932767804815503,0.0169491514263656,1.59362426127945,12488.0555038273,17359.7333913588,0.999998642772815,0.99990820838408,0.0169491525423729,0.0535714285714286,0.31638418079096,0.0169491525423729,0.107142857142857,0.15819209039548,2.74506125085004,NA,NA,NA,NA,0.432623841101999,0.883276073506676,NA
"Irx2",0.965415987165473,1,3.92069056674958,0,16600.9329455867,1,0.999763882859033,1,0.101694915254237,0,Inf,0.135593220338983,0,Inf,2.70318663208473,NA,NA,NA,NA,0.439686031226269,0.883276073506676,NA
"Sdpr",0.941836822089159,1,0.874221003813324,0,14493.8997254545,1,0.999939687158486,1,0.0508474576271186,0,Inf,0.0508474576271186,0,Inf,2.7031677969162,NA,NA,NA,NA,0.439689228864748,0.883276073506676,NA
"Pid1",0.941836822089159,1,0.874221003813324,0,14493.8997254545,1,0.999939687158486,1,0.0338983050847458,0,Inf,0.0508474576271186,0,Inf,2.7031677969162,NA,NA,NA,NA,0.439689228864748,0.883276073506676,NA
"Fcgr4",0.941836822089159,1,0.874221003813324,0,14493.8997254545,1,0.999939687158486,1,0.0338983050847458,0,Inf,0.0508474576271186,0,Inf,2.7031677969162,NA,NA,NA,NA,0.439689228864748,0.883276073506676,NA
"Fcgr3",0.941836822089159,1,0.874221003813324,0,14493.8997254545,1,0.999939687158486,1,0.0338983050847458,0,Inf,0.0508474576271186,0,Inf,2.7031677969162,NA,NA,NA,NA,0.439689228864748,0.883276073506676,NA
"Pcp4l1",0.941836822089159,1,0.874221003813324,0,14493.8997254545,1,0.999939687158486,1,0.0338983050847458,0,Inf,0.0508474576271186,0,Inf,2.7031677969162,NA,NA,NA,NA,0.439689228864748,0.883276073506676,NA
"Ptgs1",0.941836822089159,1,0.874221003813324,0,14493.8997254545,1,0.999939687158486,1,0.0338983050847458,0,Inf,0.0508474576271186,0,Inf,2.7031677969162,NA,NA,NA,NA,0.439689228864748,0.883276073506676,NA
"Hoxd1",0.941836822089159,1,0.874221003813324,0,14493.8997254545,1,0.999939687158486,1,0.0338983050847458,0,Inf,0.0508474576271186,0,Inf,2.7031677969162,NA,NA,NA,NA,0.439689228864748,0.883276073506676,NA
"Trib3",0.941836822089159,1,0.874221003813324,0,14493.8997254545,1,0.999939687158486,1,0.0338983050847458,0,Inf,0.0508474576271186,0,Inf,2.7031677969162,NA,NA,NA,NA,0.439689228864748,0.883276073506676,NA
"Asb9",0.941836822089159,1,0.874221003813324,0,14493.8997254545,1,0.999939687158486,1,0.0338983050847458,0,Inf,0.0508474576271186,0,Inf,2.7031677969162,NA,NA,NA,NA,0.439689228864748,0.883276073506676,NA
"Muc1",0.941836822089159,1,0.874221003813324,0,14493.8997254545,1,0.999939687158486,1,0.0338983050847458,0,Inf,0.0508474576271186,0,Inf,2.7031677969162,NA,NA,NA,NA,0.439689228864748,0.883276073506676,NA
"Emcn",0.941836822089159,1,0.874221003813324,0,14493.8997254545,1,0.999939687158486,1,0.0338983050847458,0,Inf,0.0508474576271186,0,Inf,2.7031677969162,NA,NA,NA,NA,0.439689228864748,0.883276073506676,NA
"Gipc2",0.941836822089159,1,0.874221003813324,0,14493.8997254545,1,0.999939687158486,1,0.0508474576271186,0,Inf,0.0508474576271186,0,Inf,2.7031677969162,NA,NA,NA,NA,0.439689228864748,0.883276073506676,NA
"Guca2b",0.941836822089159,1,0.874221003813324,0,14493.8997254545,1,0.999939687158486,1,0.0338983050847458,0,Inf,0.0508474576271186,0,Inf,2.7031677969162,NA,NA,NA,NA,0.439689228864748,0.883276073506676,NA
"Cd38",0.941836822089159,1,0.874221003813324,0,14493.8997254545,1,0.999939687158486,1,0.0508474576271186,0,Inf,0.0508474576271186,0,Inf,2.7031677969162,NA,NA,NA,NA,0.439689228864748,0.883276073506676,NA
"Cxcl2",0.941836822089159,1,0.874221003813324,0,14493.8997254545,1,0.999939687158486,1,0.0338983050847458,0,Inf,0.0508474576271186,0,Inf,2.7031677969162,NA,NA,NA,NA,0.439689228864748,0.883276073506676,NA
"Tbx3",0.941836822089159,1,0.874221003813324,0,14493.8997254545,1,0.999939687158486,1,0.0338983050847458,0,Inf,0.0508474576271186,0,Inf,2.7031677969162,NA,NA,NA,NA,0.439689228864748,0.883276073506676,NA
"Podxl",0.941836822089159,1,0.874221003813324,0,14493.8997254545,1,0.999939687158486,1,0.0338983050847458,0,Inf,0.0508474576271186,0,Inf,2.7031677969162,NA,NA,NA,NA,0.439689228864748,0.883276073506676,NA
"Ndnf",0.941836822089159,1,0.874221003813324,0,14493.8997254545,1,0.999939687158486,1,0.0338983050847458,0,Inf,0.0508474576271186,0,Inf,2.7031677969162,NA,NA,NA,NA,0.439689228864748,0.883276073506676,NA
"A730049H05Rik",0.941836822089159,1,0.874221003813324,0,14493.8997254545,1,0.999939687158486,1,0.0338983050847458,0,Inf,0.0508474576271186,0,Inf,2.7031677969162,NA,NA,NA,NA,0.439689228864748,0.883276073506676,NA
"Wnt11",0.941836822089159,1,0.874221003813324,0,14493.8997254545,1,0.999939687158486,1,0.0338983050847458,0,Inf,0.0508474576271186,0,Inf,2.7031677969162,NA,NA,NA,NA,0.439689228864748,0.883276073506676,NA
"Hmha1",0.941836822089159,1,0.874221003813324,0,14493.8997254545,1,0.999939687158486,1,0.0338983050847458,0,Inf,0.0508474576271186,0,Inf,2.7031677969162,NA,NA,NA,NA,0.439689228864748,0.883276073506676,NA
"Lum",0.941836822089159,1,0.874221003813324,0,14493.8997254545,1,0.999939687158486,1,0.0338983050847458,0,Inf,0.0508474576271186,0,Inf,2.7031677969162,NA,NA,NA,NA,0.439689228864748,0.883276073506676,NA
"D630011A20Rik",0.941836822089159,1,0.874221003813324,0,14493.8997254545,1,0.999939687158486,1,0.0338983050847458,0,Inf,0.0508474576271186,0,Inf,2.7031677969162,NA,NA,NA,NA,0.439689228864748,0.883276073506676,NA
"Hhip",0.941836822089159,1,0.874221003813324,0,14493.8997254545,1,0.999939687158486,1,0.0338983050847458,0,Inf,0.0508474576271186,0,Inf,2.7031677969162,NA,NA,NA,NA,0.439689228864748,0.883276073506676,NA
"Klf5",0.941836822089159,1,0.874221003813324,0,14493.8997254545,1,0.999939687158486,1,0.0338983050847458,0,Inf,0.0508474576271186,0,Inf,2.7031677969162,NA,NA,NA,NA,0.439689228864748,0.883276073506676,NA
"Pcolce2",0.941836822089159,1,0.874221003813324,0,14493.8997254545,1,0.999939687158486,1,0.0338983050847458,0,Inf,0.0508474576271186,0,Inf,2.7031677969162,NA,NA,NA,NA,0.439689228864748,0.883276073506676,NA
"Ccl7",0.941836822089159,1,0.874221003813324,0,14493.8997254545,1,0.999939687158486,1,0.0338983050847458,0,Inf,0.0508474576271186,0,Inf,2.7031677969162,NA,NA,NA,NA,0.439689228864748,0.883276073506676,NA
"Tifab",0.941836822089159,1,0.874221003813324,0,14493.8997254545,1,0.999939687158486,1,0.0338983050847458,0,Inf,0.0508474576271186,0,Inf,2.7031677969162,NA,NA,NA,NA,0.439689228864748,0.883276073506676,NA
"Ntrk2",0.941836822089159,1,0.874221003813324,0,14493.8997254545,1,0.999939687158486,1,0.0338983050847458,0,Inf,0.0508474576271186,0,Inf,2.7031677969162,NA,NA,NA,NA,0.439689228864748,0.883276073506676,NA
"Cyyr1",0.941836822089159,1,0.874221003813324,0,14493.8997254545,1,0.999939687158486,1,0.0338983050847458,0,Inf,0.0508474576271186,0,Inf,2.7031677969162,NA,NA,NA,NA,0.439689228864748,0.883276073506676,NA
"Psmb8",0.941836822089159,1,0.874221003813324,0,14493.8997254545,1,0.999939687158486,1,0.0338983050847458,0,Inf,0.0508474576271186,0,Inf,2.7031677969162,NA,NA,NA,NA,0.439689228864748,0.883276073506676,NA
"Lox",0.941836822089159,1,0.874221003813324,0,14493.8997254545,1,0.999939687158486,1,0.0338983050847458,0,Inf,0.0508474576271186,0,Inf,2.7031677969162,NA,NA,NA,NA,0.439689228864748,0.883276073506676,NA
"Slc22a12",0.941836822089159,1,0.874221003813324,0,14493.8997254545,1,0.999939687158486,1,0.0338983050847458,0,Inf,0.0508474576271186,0,Inf,2.7031677969162,NA,NA,NA,NA,0.439689228864748,0.883276073506676,NA
"Afap1l2",0.941836822089159,1,0.874221003813324,0,14493.8997254545,1,0.999939687158486,1,0.0338983050847458,0,Inf,0.0508474576271186,0,Inf,2.7031677969162,NA,NA,NA,NA,0.439689228864748,0.883276073506676,NA
"Sigirr",0.957457608495846,1,1.59362483366516,0,10066.4063806514,1,0.999841713862456,1,0.0508474576271186,0,Inf,0.0677966101694915,0,Inf,2.70315640379312,NA,NA,NA,NA,0.439691163079574,0.883276073506676,NA
"Upp1",0.957457608495846,1,1.59362483366516,0,10066.4063806514,1,0.999841713862456,1,0.0508474576271186,0,Inf,0.0677966101694915,0,Inf,2.70315640379312,NA,NA,NA,NA,0.439691163079574,0.883276073506676,NA
"Cd34",0.957457465238639,1,1.59362620187444,0,13147.598377191,1,0.999878804248849,1,0.0338983050847458,0,Inf,0.0677966101694915,0,Inf,2.70312437045785,NA,NA,NA,NA,0.43969660142825,0.883276073506676,NA
"Padi4",0.957457465238639,1,1.59362620187444,0,13147.598377191,1,0.999878804248849,1,0.0338983050847458,0,Inf,0.0677966101694915,0,Inf,2.70312437045785,NA,NA,NA,NA,0.43969660142825,0.883276073506676,NA
"Afp",0.957457465238639,1,1.59362620187444,0,13147.598377191,1,0.999878804248849,1,0.0338983050847458,0,Inf,0.0677966101694915,0,Inf,2.70312437045785,NA,NA,NA,NA,0.43969660142825,0.883276073506676,NA
"Asb4",0.957457465238639,1,1.59362620187444,0,13147.598377191,1,0.999878804248849,1,0.0338983050847458,0,Inf,0.0677966101694915,0,Inf,2.70312437045785,NA,NA,NA,NA,0.43969660142825,0.883276073506676,NA
"Acsm1",0.957457465238639,1,1.59362620187444,0,13147.598377191,1,0.999878804248849,1,0.0338983050847458,0,Inf,0.0677966101694915,0,Inf,2.70312437045785,NA,NA,NA,NA,0.43969660142825,0.883276073506676,NA
"RP23-306P12.3",0.957457465238639,1,1.59362620187444,0,13147.598377191,1,0.999878804248849,1,0.0338983050847458,0,Inf,0.0677966101694915,0,Inf,2.70312437045785,NA,NA,NA,NA,0.43969660142825,0.883276073506676,NA
"Foxl1",0.957457465238639,1,1.59362620187444,0,13147.598377191,1,0.999878804248849,1,0.0338983050847458,0,Inf,0.0677966101694915,0,Inf,2.70312437045785,NA,NA,NA,NA,0.43969660142825,0.883276073506676,NA
"Slc22a19",0.957457465238639,1,1.59362620187444,0,13147.598377191,1,0.999878804248849,1,0.0338983050847458,0,Inf,0.0677966101694915,0,Inf,2.70312437045785,NA,NA,NA,NA,0.43969660142825,0.883276073506676,NA
"A930007I19Rik",0.957457465238639,1,1.59362620187444,0,13147.598377191,1,0.999878804248849,1,0.0338983050847458,0,Inf,0.0677966101694915,0,Inf,2.70312437045785,NA,NA,NA,NA,0.43969660142825,0.883276073506676,NA
"Mccc1",0.489184221935093,0.722610386288224,0.995416739469963,1.4806404523592,12599.2023707865,10527.4700560862,0.999920999911568,0.999859374357898,0.338983050847458,0.214285714285714,1.5819209039548,0.508474576271186,0.410714285714286,1.23802505526898,2.70119836974763,NA,NA,NA,NA,0.44002368238935,0.883276073506676,NA
"Ptp4a3",0.516397588618612,0.571766209034421,1.33181205504372,2.08497592410757,15611.0885014971,11620.1163498429,0.999914695349709,0.999820604043445,0.457627118644068,0.535714285714286,0.854237288135593,0.644067796610169,0.892857142857143,0.72135593220339,2.69850894682855,NA,NA,NA,NA,0.440480742700312,0.883276073506676,NA
"Wnt5b",0.851101619299373,0.721697795320243,1.59362339607537,1.79660814570984,14752.6813071717,19969.1675916873,0.999891989040222,0.999910038988217,0.152542372881356,0.267857142857143,0.569491525423729,0.23728813559322,0.5,0.474576271186441,2.68758738643623,NA,NA,NA,NA,0.442340811051234,0.883276073506676,NA
"Ltbp4",0.941836822089159,0.85612330253061,0.874221003813324,1.36525403510275,14493.8997254545,12950.3233840104,0.999939687158486,0.999894588723273,0.0338983050847458,0.107142857142857,0.31638418079096,0.0508474576271186,0.196428571428571,0.258859784283513,2.68370819840064,NA,NA,NA,NA,0.443003019054941,0.883276073506676,NA
"Amacr",0.709182860601861,0.887946338822034,0.874216552772048,1.59362424455655,12423.9134139489,10120.585122111,0.999929639316279,0.999842561143753,0.186440677966102,0.0892857142857143,2.08813559322034,0.254237288135593,0.178571428571429,1.42372881355932,2.68165344932355,NA,NA,NA,NA,0.443354107571918,0.883276073506676,NA
"St8sia4",9.536192702922e-10,1,0.0338983061167312,0,17687.4039316276,1,0.999998083481257,1,0.0338983050847458,0,Inf,0.0338983050847458,0,Inf,2.6695780817887,NA,NA,NA,NA,0.445421961180845,0.883276073506676,NA
"Tfcp2l1",9.536192702922e-10,1,0.0338983061167312,0,17687.4039316276,1,0.999998083481257,1,0.0338983050847458,0,Inf,0.0338983050847458,0,Inf,2.6695780817887,NA,NA,NA,NA,0.445421961180845,0.883276073506676,NA
"Rassf5",9.536192702922e-10,1,0.0338983061167312,0,17687.4039316276,1,0.999998083481257,1,0.0338983050847458,0,Inf,0.0338983050847458,0,Inf,2.6695780817887,NA,NA,NA,NA,0.445421961180845,0.883276073506676,NA
"Rnf128",9.536192702922e-10,1,0.0338983061167312,0,17687.4039316276,1,0.999998083481257,1,0.0338983050847458,0,Inf,0.0338983050847458,0,Inf,2.6695780817887,NA,NA,NA,NA,0.445421961180845,0.883276073506676,NA
"Ctsk",9.536192702922e-10,1,0.0338983061167312,0,17687.4039316276,1,0.999998083481257,1,0.0338983050847458,0,Inf,0.0338983050847458,0,Inf,2.6695780817887,NA,NA,NA,NA,0.445421961180845,0.883276073506676,NA
"Gm4450",9.536192702922e-10,1,0.0338983061167312,0,17687.4039316276,1,0.999998083481257,1,0.0338983050847458,0,Inf,0.0338983050847458,0,Inf,2.6695780817887,NA,NA,NA,NA,0.445421961180845,0.883276073506676,NA
"Cd72",9.536192702922e-10,1,0.0338983061167312,0,17687.4039316276,1,0.999998083481257,1,0.0338983050847458,0,Inf,0.0338983050847458,0,Inf,2.6695780817887,NA,NA,NA,NA,0.445421961180845,0.883276073506676,NA
"Tcea3",9.536192702922e-10,1,0.0338983061167312,0,17687.4039316276,1,0.999998083481257,1,0.0338983050847458,0,Inf,0.0338983050847458,0,Inf,2.6695780817887,NA,NA,NA,NA,0.445421961180845,0.883276073506676,NA
"Magi2",9.536192702922e-10,1,0.0338983061167312,0,17687.4039316276,1,0.999998083481257,1,0.0338983050847458,0,Inf,0.0338983050847458,0,Inf,2.6695780817887,NA,NA,NA,NA,0.445421961180845,0.883276073506676,NA
"Slc4a4",9.536192702922e-10,1,0.0338983061167312,0,17687.4039316276,1,0.999998083481257,1,0.0338983050847458,0,Inf,0.0338983050847458,0,Inf,2.6695780817887,NA,NA,NA,NA,0.445421961180845,0.883276073506676,NA
"Cxcl1",9.536192702922e-10,1,0.0338983061167312,0,17687.4039316276,1,0.999998083481257,1,0.0338983050847458,0,Inf,0.0338983050847458,0,Inf,2.6695780817887,NA,NA,NA,NA,0.445421961180845,0.883276073506676,NA
"Oasl1",9.536192702922e-10,1,0.0338983061167312,0,17687.4039316276,1,0.999998083481257,1,0.0338983050847458,0,Inf,0.0338983050847458,0,Inf,2.6695780817887,NA,NA,NA,NA,0.445421961180845,0.883276073506676,NA
"Gimap6",9.536192702922e-10,1,0.0338983061167312,0,17687.4039316276,1,0.999998083481257,1,0.0338983050847458,0,Inf,0.0338983050847458,0,Inf,2.6695780817887,NA,NA,NA,NA,0.445421961180845,0.883276073506676,NA
"Asprv1",9.536192702922e-10,1,0.0338983061167312,0,17687.4039316276,1,0.999998083481257,1,0.0338983050847458,0,Inf,0.0338983050847458,0,Inf,2.6695780817887,NA,NA,NA,NA,0.445421961180845,0.883276073506676,NA
"C1s1",9.536192702922e-10,1,0.0338983061167312,0,17687.4039316276,1,0.999998083481257,1,0.0338983050847458,0,Inf,0.0338983050847458,0,Inf,2.6695780817887,NA,NA,NA,NA,0.445421961180845,0.883276073506676,NA
"Tmem52b",9.536192702922e-10,1,0.0338983061167312,0,17687.4039316276,1,0.999998083481257,1,0.0338983050847458,0,Inf,0.0338983050847458,0,Inf,2.6695780817887,NA,NA,NA,NA,0.445421961180845,0.883276073506676,NA
"Upk1a",9.536192702922e-10,1,0.0338983061167312,0,17687.4039316276,1,0.999998083481257,1,0.0338983050847458,0,Inf,0.0338983050847458,0,Inf,2.6695780817887,NA,NA,NA,NA,0.445421961180845,0.883276073506676,NA
"Fah",9.536192702922e-10,1,0.0338983061167312,0,17687.4039316276,1,0.999998083481257,1,0.0338983050847458,0,Inf,0.0338983050847458,0,Inf,2.6695780817887,NA,NA,NA,NA,0.445421961180845,0.883276073506676,NA
"Phlda2",9.536192702922e-10,1,0.0338983061167312,0,17687.4039316276,1,0.999998083481257,1,0.0338983050847458,0,Inf,0.0338983050847458,0,Inf,2.6695780817887,NA,NA,NA,NA,0.445421961180845,0.883276073506676,NA
"Rab32",9.536192702922e-10,1,0.0338983061167312,0,17687.4039316276,1,0.999998083481257,1,0.0338983050847458,0,Inf,0.0338983050847458,0,Inf,2.6695780817887,NA,NA,NA,NA,0.445421961180845,0.883276073506676,NA
"Adgrg6",9.536192702922e-10,1,0.0338983061167312,0,17687.4039316276,1,0.999998083481257,1,0.0338983050847458,0,Inf,0.0338983050847458,0,Inf,2.6695780817887,NA,NA,NA,NA,0.445421961180845,0.883276073506676,NA
"Scin",9.536192702922e-10,1,0.0338983061167312,0,17687.4039316276,1,0.999998083481257,1,0.0338983050847458,0,Inf,0.0338983050847458,0,Inf,2.6695780817887,NA,NA,NA,NA,0.445421961180845,0.883276073506676,NA
"Gm15638",9.536192702922e-10,1,0.0338983061167312,0,17687.4039316276,1,0.999998083481257,1,0.0338983050847458,0,Inf,0.0338983050847458,0,Inf,2.6695780817887,NA,NA,NA,NA,0.445421961180845,0.883276073506676,NA
"Bace2",9.536192702922e-10,1,0.0338983061167312,0,17687.4039316276,1,0.999998083481257,1,0.0338983050847458,0,Inf,0.0338983050847458,0,Inf,2.6695780817887,NA,NA,NA,NA,0.445421961180845,0.883276073506676,NA
"Arl4a",0.524366526122336,0.704693695141455,1.24722159753149,1.87456690262727,13888.9135816278,11449.5309755137,0.99991020826791,0.999836302461241,0.406779661016949,0.303571428571429,1.33998005982054,0.593220338983051,0.553571428571429,1.07162383816293,2.66125709074103,NA,NA,NA,NA,0.446851446532158,0.885036683192176,NA
"Fzd5",0.817441988420091,0.977589252421494,0.464212783876855,1.59362454940461,14417.1405550455,17664.4456822982,0.999967802364446,0.999909791633443,0.0677966101694915,0.0178571428571429,3.79661016949153,0.0847457627118644,0.0357142857142857,2.3728813559322,2.64586290091319,NA,NA,NA,NA,0.449505857963925,0.885998277337821,NA
"Arap1",0.817441988420091,0.977589252421494,0.464212783876855,1.59362454940461,14417.1405550455,17664.4456822982,0.999967802364446,0.999909791633443,0.0677966101694915,0.0178571428571429,3.79661016949153,0.0847457627118644,0.0357142857142857,2.3728813559322,2.64586290091319,NA,NA,NA,NA,0.449505857963925,0.885998277337821,NA
"Gch1",0.817441988420091,0.977589252421494,0.464212783876855,1.59362454940461,14417.1405550455,17664.4456822982,0.999967802364446,0.999909791633443,0.0677966101694915,0.0178571428571429,3.79661016949153,0.0847457627118644,0.0357142857142857,2.3728813559322,2.64586290091319,NA,NA,NA,NA,0.449505857963925,0.885998277337821,NA
"Adamts5",0.817441988420091,0.977589252421494,0.464212783876855,1.59362454940461,14417.1405550455,17664.4456822982,0.999967802364446,0.999909791633443,0.0677966101694915,0.0178571428571429,3.79661016949153,0.0847457627118644,0.0357142857142857,2.3728813559322,2.64586290091319,NA,NA,NA,NA,0.449505857963925,0.885998277337821,NA
"Efhd2",0.623773946918481,0.805109263319482,1.12626122215552,1.74090219088278,19054.1856361379,19444.4166282836,0.999940895156783,0.999910475774551,0.288135593220339,0.178571428571429,1.6135593220339,0.423728813559322,0.339285714285714,1.24888492417484,2.63823563912655,NA,NA,NA,NA,0.450825741134896,0.887529230137855,NA
"Sh3bp5",0.558110480779692,0.789545592482466,0.690409453992286,1.44245673994291,14587.4886197836,11129.5540494059,0.99995267336296,0.999870410817293,0.220338983050847,0.160714285714286,1.37099811676083,0.305084745762712,0.303571428571429,1.0049850448654,2.63000077979351,NA,NA,NA,NA,0.45225428114748,0.889270150896489,NA
"Ctsc",0.661091597722486,0.843124879887784,1.05023115656284,1.59362426252226,17463.2741435342,18608.1558859463,0.999939864197777,0.999914366162659,0.288135593220339,0.125,2.30508474576271,0.355932203389831,0.25,1.42372881355932,2.58590851950467,NA,NA,NA,NA,0.459965322749141,0.891228444126338,NA
"Abhd12",0.417081980457681,0.549145622505674,1.10490268272203,1.78233330457392,13879.5258078278,18229.2678799426,0.99992039967738,0.999902236388813,0.440677966101695,0.428571428571429,1.02824858757062,0.644067796610169,0.803571428571429,0.8015065913371,2.57663969404126,NA,NA,NA,NA,0.461599636035258,0.891228444126338,NA
"Dcdc2a",0.91190909949411,0.955178537224486,3.27089403596139,1.5936242269606,12898.8256996091,10501.3273580076,0.999746483525974,0.999848268474108,0.23728813559322,0.0357142857142857,6.64406779661017,0.288135593220339,0.0714285714285714,4.03389830508475,2.55874616535598,NA,NA,NA,NA,0.464767819095589,0.891228444126338,NA
"Kap",2.45932928663523e-13,0.95999049891711,0.0169491514263656,2.2316119979075,12488.0555038273,10002.757568401,0.999998642772815,0.999776950083836,0.0169491525423729,0.0535714285714286,0.31638418079096,0.0169491525423729,0.0892857142857143,0.189830508474576,2.54903112966595,NA,NA,NA,NA,0.466495189994146,0.891228444126338,NA
"Ccl11",2.45932928663523e-13,0.95999049891711,0.0169491514263656,2.2316119979075,12488.0555038273,10002.757568401,0.999998642772815,0.999776950083836,0.0169491525423729,0.0535714285714286,0.31638418079096,0.0169491525423729,0.0892857142857143,0.189830508474576,2.54903112966595,NA,NA,NA,NA,0.466495189994146,0.891228444126338,NA
"Vps8",0.779089159515687,0.753126499968581,1.45775800708667,2.31466171777587,18446.0717556395,7.73639093474521,0.999920978144742,0.769709522196633,0.23728813559322,0.375,0.632768361581921,0.322033898305085,0.571428571428571,0.563559322033898,2.54759476960692,NA,NA,NA,NA,0.466751013614719,0.891228444126338,NA
"Tmem37",0.817441988420091,0.865535609842088,0.464212783876855,1.59362426051418,14417.1405550455,16333.0833891109,0.999967802364446,0.999902439193673,0.0677966101694915,0.107142857142857,0.632768361581921,0.0847457627118644,0.214285714285714,0.395480225988701,2.51542791149691,NA,NA,NA,NA,0.472509365454948,0.891228444126338,NA
"Fabp3",0.729849493303743,0.932767804815503,0.376437964688791,1.59362426127945,17611.8219038519,17359.7333913588,0.99997862629313,0.99990820838408,0.0847457627118644,0.0535714285714286,1.5819209039548,0.101694915254237,0.107142857142857,0.949152542372881,2.5098666100744,NA,NA,NA,NA,0.473510604664372,0.891228444126338,NA
"Cela1",0.825509657773274,0.955178537224486,0.874216706754564,1.5936242269606,11458.5360677806,10501.3273580076,0.999923711893976,0.999848268474108,0.101694915254237,0.0357142857142857,2.84745762711864,0.152542372881356,0.0714285714285714,2.13559322033898,2.49392098749979,NA,NA,NA,NA,0.476390698866608,0.891228444126338,NA
"Acvr2a",0.777404744046786,0.932767804815503,0.761433682392293,1.59362426127945,10158.8740607822,17359.7333913588,0.999925053051086,0.99990820838408,0.11864406779661,0.0535714285714286,2.21468926553672,0.169491525423729,0.107142857142857,1.5819209039548,2.48971210743952,NA,NA,NA,NA,0.4771532053894,0.891228444126338,NA
"Sertad4",9.536192702922e-10,0.955178537224486,0.0338983061167312,1.5936242269606,17687.4039316276,10501.3273580076,0.999998083481257,0.999848268474108,0.0338983050847458,0.0357142857142857,0.949152542372881,0.0338983050847458,0.0714285714285714,0.474576271186441,2.48395823937535,NA,NA,NA,NA,0.478197165907646,0.891228444126338,NA
"Sprr2f",9.536192702922e-10,0.955178537224486,0.0338983061167312,1.5936242269606,17687.4039316276,10501.3273580076,0.999998083481257,0.999848268474108,0.0338983050847458,0.0357142857142857,0.949152542372881,0.0338983050847458,0.0714285714285714,0.474576271186441,2.48395823937535,NA,NA,NA,NA,0.478197165907646,0.891228444126338,NA
"Sema3g",9.536192702922e-10,0.955178537224486,0.0338983061167312,1.5936242269606,17687.4039316276,10501.3273580076,0.999998083481257,0.999848268474108,0.0338983050847458,0.0357142857142857,0.949152542372881,0.0338983050847458,0.0714285714285714,0.474576271186441,2.48395823937535,NA,NA,NA,NA,0.478197165907646,0.891228444126338,NA
"Ifi35",9.536192702922e-10,0.955178537224486,0.0338983061167312,1.5936242269606,17687.4039316276,10501.3273580076,0.999998083481257,0.999848268474108,0.0338983050847458,0.0357142857142857,0.949152542372881,0.0338983050847458,0.0714285714285714,0.474576271186441,2.48395823937535,NA,NA,NA,NA,0.478197165907646,0.891228444126338,NA
"Rhpn1",9.536192702922e-10,0.955178537224486,0.0338983061167312,1.5936242269606,17687.4039316276,10501.3273580076,0.999998083481257,0.999848268474108,0.0338983050847458,0.0357142857142857,0.949152542372881,0.0338983050847458,0.0714285714285714,0.474576271186441,2.48395823937535,NA,NA,NA,NA,0.478197165907646,0.891228444126338,NA
"Dvl2",0.432800293766531,0.568008507049342,1.37457934963895,2.02550300123993,18450.1206405979,11585.7233986242,0.999925503091579,0.999825203064164,0.576271186440678,0.517857142857143,1.11279953243717,0.779661016949153,0.875,0.891041162227603,2.46057448948756,NA,NA,NA,NA,0.482458308829391,0.891228444126338,NA
"Iah1",0.198764335043212,0.392046884656498,1.62883926079019,1.9092157924657,15394.8719552781,16483.3119050163,0.999894207178467,0.999884186218767,0.932203389830508,0.660714285714286,1.41090242785158,1.30508474576271,1.16071428571429,1.12438070404172,2.45048742588898,NA,NA,NA,NA,0.484305601760194,0.891228444126338,NA
"6330403K07Rik",0.35415816459367,0.362708035339802,1.67958408260484,2.26965083056772,14241.2432754432,11642.512566538,0.999882075884341,0.999805092891546,0.813559322033898,0.875,0.929782082324455,1.08474576271186,1.44642857142857,0.749947687800795,2.44167634525235,NA,NA,NA,NA,0.485923736977851,0.891228444126338,NA
"Dusp14",0.729849493303743,0.910357071354275,0.376437964688791,1.59362425349846,17611.8219038519,11291.6473704941,0.99997862629313,0.99985888689932,0.101694915254237,0.0714285714285714,1.42372881355932,0.101694915254237,0.142857142857143,0.711864406779661,2.43387264339958,NA,NA,NA,NA,0.487360388695042,0.891228444126338,NA
"Thy1",2.45932928663523e-13,0.981012730883061,0.0169491514263656,2.82143937142338,12488.0555038273,17320.8914117069,0.999998642772815,0.99983713425663,0.0169491525423729,0.0357142857142857,0.474576271186441,0.0169491525423729,0.0535714285714286,0.31638418079096,2.42542075494234,NA,NA,NA,NA,0.488920100327137,0.891228444126338,NA
"Islr",0.981978185277739,0.916303359367223,2.82143937184934,1.92019991432686,13198.9831520707,10284.5978331122,0.999786283810497,0.999813328484123,0.0338983050847458,0.0892857142857143,0.379661016949153,0.0508474576271186,0.160714285714286,0.31638418079096,2.41695779116924,NA,NA,NA,NA,0.490485741914788,0.891228444126338,NA
"Pter",0.678625152505975,0.810507163306228,1.00205072565023,1.88473155896496,18057.6159955543,10763.2305404999,0.999944511217687,0.999824922305862,0.254237288135593,0.196428571428571,1.29429892141757,0.322033898305085,0.357142857142857,0.901694915254237,2.41390861655623,NA,NA,NA,NA,0.49105078975752,0.891228444126338,NA
"Flrt3",0.694906646043584,0.865535609842088,0.944417491070715,1.59362426051418,16492.370330719,16333.0833891109,0.999942739376196,0.999902439193673,0.203389830508475,0.107142857142857,1.89830508474576,0.288135593220339,0.214285714285714,1.34463276836158,2.39304267058441,NA,NA,NA,NA,0.494931041405547,0.891228444126338,NA
"Celf2",0.884295059313881,0.775893120283878,1.31837393165456,1.59361875644628,17679.9818396182,18768.2638604617,0.999925436822194,0.999915096917587,0.11864406779661,0.196428571428571,0.604006163328197,0.152542372881356,0.357142857142857,0.427118644067797,2.3863566716899,NA,NA,NA,NA,0.4961793769468,0.891228444126338,NA
"Smim1",0.789267654726849,0.73123837051718,1.28687626902573,1.99327132135725,11651.5720432336,17832.1451777863,0.999889565618368,0.999888232822289,0.220338983050847,0.303571428571429,0.725822532402792,0.271186440677966,0.535714285714286,0.506214689265537,2.3782570549414,NA,NA,NA,NA,0.497694898158959,0.891228444126338,NA
"Pdzk1ip1",0.719944889830862,0.887946338822034,0.786770125739177,1.59362424455655,13270.0802655812,10120.585122111,0.999940714489594,0.999842561143753,0.152542372881356,0.0892857142857143,1.70847457627119,0.220338983050847,0.178571428571429,1.23389830508475,2.36569996821297,NA,NA,NA,NA,0.500051497383788,0.891228444126338,NA
"Chka",0.510762320831632,0.422690036450698,1.59362423353825,2.01055647266943,16157.9574034508,13891.5410982918,0.999901381899113,0.999855288516383,0.627118644067797,0.678571428571429,0.924174843889384,0.779661016949153,1.16071428571429,0.671707953063885,2.35046718637005,NA,NA,NA,NA,0.502921732759995,0.891228444126338,NA
"Dvl1",0.834160788094273,0.820714173157125,0.715415949110372,1.59362533327404,18998.13638252,16172.048404557,0.999962344253395,0.99990146775041,0.0847457627118644,0.142857142857143,0.593220338983051,0.11864406779661,0.285714285714286,0.415254237288136,2.34683403306528,NA,NA,NA,NA,0.503608168670448,0.891228444126338,NA
"Atp2c1",0.659660719059184,0.571766208600535,1.59362404326454,2.08497593238512,11932.2932842748,13272.2350729196,0.999866462280437,0.999842931621001,0.355932203389831,0.535714285714286,0.664406779661017,0.542372881355932,0.892857142857143,0.607457627118644,2.34007410299918,NA,NA,NA,NA,0.504887272794556,0.891228444126338,NA
"Plpp3",0.416114773206187,0.625594328426247,1.59655234628346,1.9554801455195,5.62537726683907,11631.1781740205,0.778929949222648,0.999831904265553,0.76271186440678,0.428571428571429,1.77966101694915,0.932203389830508,0.732142857142857,1.27325341050021,2.32373162549169,NA,NA,NA,NA,0.507989809057454,0.891228444126338,NA
"Rasl11a",0.67306215950573,0.820714173157125,1.5034217073719,1.59362533327404,12907.5172922456,16172.048404557,0.999883537121778,0.99990146775041,0.338983050847458,0.142857142857143,2.3728813559322,0.491525423728814,0.285714285714286,1.72033898305085,2.28075414007122,NA,NA,NA,NA,0.516217926224299,0.891228444126338,NA
"Prex2",9.536192702922e-10,0.977589252421494,0.0338983061167312,1.59362454940461,17687.4039316276,17664.4456822982,0.999998083481257,0.999909791633443,0.0338983050847458,0.0178571428571429,1.89830508474576,0.0338983050847458,0.0357142857142857,0.949152542372881,2.27098115628212,NA,NA,NA,NA,0.518102930474389,0.891228444126338,NA
"Cubn",9.536192702922e-10,0.977589252421494,0.0338983061167312,1.59362454940461,17687.4039316276,17664.4456822982,0.999998083481257,0.999909791633443,0.0338983050847458,0.0178571428571429,1.89830508474576,0.0338983050847458,0.0357142857142857,0.949152542372881,2.27098115628212,NA,NA,NA,NA,0.518102930474389,0.891228444126338,NA
"Fam167b",9.536192702922e-10,0.977589252421494,0.0338983061167312,1.59362454940461,17687.4039316276,17664.4456822982,0.999998083481257,0.999909791633443,0.0338983050847458,0.0178571428571429,1.89830508474576,0.0338983050847458,0.0357142857142857,0.949152542372881,2.27098115628212,NA,NA,NA,NA,0.518102930474389,0.891228444126338,NA
"Nxpe4",9.536192702922e-10,0.977589252421494,0.0338983061167312,1.59362454940461,17687.4039316276,17664.4456822982,0.999998083481257,0.999909791633443,0.0338983050847458,0.0178571428571429,1.89830508474576,0.0338983050847458,0.0357142857142857,0.949152542372881,2.27098115628212,NA,NA,NA,NA,0.518102930474389,0.891228444126338,NA
"Gm10639",9.536192702922e-10,0.977589252421494,0.0338983061167312,1.59362454940461,17687.4039316276,17664.4456822982,0.999998083481257,0.999909791633443,0.0338983050847458,0.0178571428571429,1.89830508474576,0.0338983050847458,0.0357142857142857,0.949152542372881,2.27098115628212,NA,NA,NA,NA,0.518102930474389,0.891228444126338,NA
"Tmem88",9.536192702922e-10,0.977589252421494,0.0338983061167312,1.59362454940461,17687.4039316276,17664.4456822982,0.999998083481257,0.999909791633443,0.0338983050847458,0.0178571428571429,1.89830508474576,0.0338983050847458,0.0357142857142857,0.949152542372881,2.27098115628212,NA,NA,NA,NA,0.518102930474389,0.891228444126338,NA
"Tmem106a",9.536192702922e-10,0.977589252421494,0.0338983061167312,1.59362454940461,17687.4039316276,17664.4456822982,0.999998083481257,0.999909791633443,0.0338983050847458,0.0178571428571429,1.89830508474576,0.0338983050847458,0.0357142857142857,0.949152542372881,2.27098115628212,NA,NA,NA,NA,0.518102930474389,0.891228444126338,NA
"Iqgap2",9.536192702922e-10,0.977589252421494,0.0338983061167312,1.59362454940461,17687.4039316276,17664.4456822982,0.999998083481257,0.999909791633443,0.0338983050847458,0.0178571428571429,1.89830508474576,0.0338983050847458,0.0357142857142857,0.949152542372881,2.27098115628212,NA,NA,NA,NA,0.518102930474389,0.891228444126338,NA
"Pld4",9.536192702922e-10,0.977589252421494,0.0338983061167312,1.59362454940461,17687.4039316276,17664.4456822982,0.999998083481257,0.999909791633443,0.0338983050847458,0.0178571428571429,1.89830508474576,0.0338983050847458,0.0357142857142857,0.949152542372881,2.27098115628212,NA,NA,NA,NA,0.518102930474389,0.891228444126338,NA
"Ms4a6b",9.536192702922e-10,0.977589252421494,0.0338983061167312,1.59362454940461,17687.4039316276,17664.4456822982,0.999998083481257,0.999909791633443,0.0338983050847458,0.0178571428571429,1.89830508474576,0.0338983050847458,0.0357142857142857,0.949152542372881,2.27098115628212,NA,NA,NA,NA,0.518102930474389,0.891228444126338,NA
"Thbs1",0.924754816706831,0.843124879887784,1.12626076083587,1.59362426252226,17678.367617983,18608.1558859463,0.999936295644629,0.999914366162659,0.0677966101694915,0.125,0.542372881355932,0.0847457627118644,0.25,0.338983050847458,2.2690454190697,NA,NA,NA,NA,0.518476906309678,0.891228444126338,NA
"Clcn5",0.524366674426156,0.699430570155844,1.24722228974123,1.78233116383339,11279.3362952956,12301.7675208313,0.999889436367561,0.999855136835688,0.423728813559322,0.285714285714286,1.48305084745763,0.593220338983051,0.535714285714286,1.10734463276836,2.2574451306632,NA,NA,NA,NA,0.520722272343631,0.891228444126338,NA
"Npnt",0.735985926568921,0.887946338822034,1.02717128086693,1.59362424455655,11612.7871720169,10120.585122111,0.999911556078778,0.999842561143753,0.186440677966102,0.0892857142857143,2.08813559322034,0.271186440677966,0.178571428571429,1.51864406779661,2.25716429320011,NA,NA,NA,NA,0.520776721695044,0.891228444126338,NA
"Nfkbia",0.474677408365511,0.568008463031814,1.35509932854868,2.02550135988734,12418.7701451315,10030.6402973017,0.999890894874095,0.999798109355924,0.542372881355932,0.5,1.08474576271186,0.711864406779661,0.875,0.813559322033898,2.24865904129706,NA,NA,NA,NA,0.522427754674065,0.891228444126338,NA
"Ptger3",2.45932928663523e-13,0.920723796820025,0.0169491514263656,1.12626119920375,12488.0555038273,16915.0157802247,0.999998642772815,0.999933420918526,0.0169491525423729,0.0535714285714286,0.31638418079096,0.0169491525423729,0.0892857142857143,0.189830508474576,2.24719273136218,NA,NA,NA,NA,0.52271278819153,0.891228444126338,NA
"Col5a2",0.978728817498051,0.899777274306749,1.59362431512217,1.24721888659696,15920.2853760251,18499.2496729289,0.99989990978357,0.999932584573599,0.0169491525423729,0.0714285714285714,0.23728813559322,0.0338983050847458,0.125,0.271186440677966,2.22713674356174,NA,NA,NA,NA,0.526623076543556,0.891228444126338,NA
"Gsn",0.632092884219695,0.78835643874963,1.33600424941326,1.85622243512516,16913.3622469165,15233.007683709,0.999921015188709,0.99987815956568,0.355932203389831,0.232142857142857,1.53324641460235,0.491525423728814,0.392857142857143,1.25115562403698,2.21150615551622,NA,NA,NA,NA,0.529685574753369,0.891228444126338,NA
"Galnt11",0.489720504573323,0.554532117751295,1.19575656809798,1.8439681153239,19083.2725295949,13292.5336423615,0.999937343993547,0.999861297146106,0.457627118644068,0.446428571428571,1.02508474576271,0.610169491525424,0.821428571428571,0.742815033161386,2.18480867773462,NA,NA,NA,NA,0.534946783093124,0.891228444126338,NA
"Fxyd4",0.978728817498051,0.910357071354275,1.59362431512217,1.59362425349846,15920.2853760251,11291.6473704941,0.99989990978357,0.99985888689932,0.0169491525423729,0.0714285714285714,0.23728813559322,0.0338983050847458,0.142857142857143,0.23728813559322,2.17661382843868,NA,NA,NA,NA,0.536569394963538,0.891228444126338,NA
"Tnni2",0.978728817498051,0.910357071354275,1.59362431512217,1.59362425349846,15920.2853760251,11291.6473704941,0.99989990978357,0.99985888689932,0.0169491525423729,0.0714285714285714,0.23728813559322,0.0338983050847458,0.142857142857143,0.23728813559322,2.17661382843868,NA,NA,NA,NA,0.536569394963538,0.891228444126338,NA
"Ly6h",0.978728817498051,0.910357071354275,1.59362431512217,1.59362425349846,15920.2853760251,11291.6473704941,0.99989990978357,0.99985888689932,0.0169491525423729,0.0714285714285714,0.23728813559322,0.0338983050847458,0.142857142857143,0.23728813559322,2.17661382843868,NA,NA,NA,NA,0.536569394963538,0.891228444126338,NA
"Neto2",0.44953155866059,0.576713849205557,1.23161665690611,1.85622490695864,13410.61066617,14002.3852187316,0.999908169464647,0.999867452663221,0.491525423728814,0.428571428571429,1.14689265536723,0.677966101694915,0.785714285714286,0.86286594761171,2.14418609596026,NA,NA,NA,NA,0.543025464071861,0.891228444126338,NA
"Cib1",0.343519157215862,0.510072693540049,1.910546678162,2.07756828678719,15639.613853418,12689.9744588477,0.999877854189317,0.999836309504378,0.949152542372881,0.589285714285714,1.61068310220853,1.25423728813559,1.01785714285714,1.23223312518585,2.12590419004505,NA,NA,NA,NA,0.546689972022439,0.891228444126338,NA
"Cryab",9.536192702922e-10,0.920723796820025,0.0338983061167312,1.12626119920375,17687.4039316276,16915.0157802247,0.999998083481257,0.999933420918526,0.0338983050847458,0.0535714285714286,0.632768361581921,0.0338983050847458,0.0892857142857143,0.379661016949153,2.1119814896868,NA,NA,NA,NA,0.54949263208844,0.891228444126338,NA
"Ly6d",0.926343132977397,0.977589252421494,2.5312095407033,1.59362454940461,10485.4112810872,17664.4456822982,0.999758655280293,0.999909791633443,0.169491525423729,0.0178571428571429,9.49152542372881,0.186440677966102,0.0357142857142857,5.22033898305085,2.10797023607662,NA,NA,NA,NA,0.55030201397464,0.891228444126338,NA
"Txnip",0.651830401974998,0.520863234887404,1.50910279104474,1.71439272193659,10970.2395090396,13169.0288798667,0.999862455580743,0.999869833259486,0.355932203389831,0.446428571428571,0.79728813559322,0.525423728813559,0.821428571428571,0.639646278555637,2.10696380546301,NA,NA,NA,NA,0.550505223306695,0.891228444126338,NA
"Defb29",0.883673223619871,0.977589252421494,0.874217283445388,1.59362454940461,13868.1535804443,17664.4456822982,0.999936966217373,0.999909791633443,0.0677966101694915,0.0178571428571429,3.79661016949153,0.101694915254237,0.0357142857142857,2.84745762711864,2.10334931048748,NA,NA,NA,NA,0.551235472258299,0.891228444126338,NA
"Ada",0.883673223619871,0.977589252421494,0.874217283445388,1.59362454940461,13868.1535804443,17664.4456822982,0.999936966217373,0.999909791633443,0.0677966101694915,0.0178571428571429,3.79661016949153,0.101694915254237,0.0357142857142857,2.84745762711864,2.10334931048748,NA,NA,NA,NA,0.551235472258299,0.891228444126338,NA
"Slc9a9",0.883673223619871,0.977589252421494,0.874217283445388,1.59362454940461,13868.1535804443,17664.4456822982,0.999936966217373,0.999909791633443,0.0847457627118644,0.0178571428571429,4.74576271186441,0.101694915254237,0.0357142857142857,2.84745762711864,2.10334931048748,NA,NA,NA,NA,0.551235472258299,0.891228444126338,NA
"Tmprss2",0.883673223619871,0.977589252421494,0.874217283445388,1.59362454940461,13868.1535804443,17664.4456822982,0.999936966217373,0.999909791633443,0.0677966101694915,0.0178571428571429,3.79661016949153,0.101694915254237,0.0357142857142857,2.84745762711864,2.10334931048748,NA,NA,NA,NA,0.551235472258299,0.891228444126338,NA
"Tgfbr1",0.396820341371957,0.563911860612908,1.54548163877506,1.96552664450149,12836.0008472156,14176.0828887107,0.99987961238081,0.999861368321865,0.677966101694915,0.482142857142857,1.40615191462649,0.932203389830508,0.857142857142857,1.08757062146893,2.09785989058429,NA,NA,NA,NA,0.552345843376598,0.891228444126338,NA
"Col3a1",0.603980259980476,0.789545592482466,1.02717010826455,1.44245673994291,14485.255995902,11129.5540494059,0.999929093605551,0.999870410817293,0.322033898305085,0.160714285714286,2.00376647834275,0.406779661016949,0.303571428571429,1.33998005982054,2.09415024487879,NA,NA,NA,NA,0.553097114913004,0.891228444126338,NA
"Glud1",0.114252102184451,0.242691279488495,2.29624968911331,2.26365398312586,11696.2114045007,15303.8614782452,0.999803714306389,0.999852107965695,1.66101694915254,1.05357142857143,1.57655846021258,2.03389830508475,1.71428571428571,1.1864406779661,2.09163421514421,NA,NA,NA,NA,0.553607071832891,0.891228444126338,NA
"Tyw3",0.664295671408592,0.789545592482466,0.605860010983846,1.44245673994291,11898.8448272306,11129.5540494059,0.999949085043763,0.999870410817293,0.152542372881356,0.160714285714286,0.949152542372881,0.203389830508475,0.303571428571429,0.669990029910269,2.09046983536544,NA,NA,NA,NA,0.553843185409813,0.891228444126338,NA
"G0s2",0.789267595764469,0.910357071354275,1.28687682968909,1.59362425349846,13694.55689293,11291.6473704941,0.999906038879289,0.99985888689932,0.169491525423729,0.0714285714285714,2.3728813559322,0.271186440677966,0.142857142857143,1.89830508474576,2.06784507053909,NA,NA,NA,NA,0.558445264490393,0.891228444126338,NA
"Trf",0.789267654726849,0.910357071354275,1.28687626902573,1.59362425349846,11651.5720432336,11291.6473704941,0.999889565618368,0.99985888689932,0.186440677966102,0.0714285714285714,2.61016949152542,0.271186440677966,0.142857142857143,1.89830508474576,2.06774352805486,NA,NA,NA,NA,0.558465980003262,0.891228444126338,NA
"Gk",0.69490691174732,0.827424189349123,0.944418581547235,1.75906133902174,15908.1315413781,14103.6517775183,0.999940636490521,0.999875291733143,0.220338983050847,0.160714285714286,1.37099811676083,0.288135593220339,0.303571428571429,0.949152542372881,2.06050472508923,NA,NA,NA,NA,0.559944154888562,0.891228444126338,NA
"Arrb2",0.678625232825804,0.766166427518138,1.00205097616572,1.83280542330441,11833.7178074379,10465.2075579097,0.999915329556749,0.999824897453369,0.254237288135593,0.25,1.01694915254237,0.322033898305085,0.428571428571429,0.751412429378531,2.04565090219347,NA,NA,NA,NA,0.562985954629154,0.891228444126338,NA
"Cxx1b",0.63059352799391,0.56800845773313,1.51411097575578,2.02550311179592,10461.5465424108,13082.7205387979,0.999855289859639,0.999845201190355,0.423728813559322,0.517857142857143,0.818234950321449,0.559322033898305,0.875,0.639225181598063,2.03981024086133,NA,NA,NA,NA,0.564185189624579,0.891228444126338,NA
"Dlc1",0.766016099094569,0.669531525055387,1.59362976240583,1.99932621893996,10686.9088672681,12262.0867986815,0.999850902428769,0.999836977154386,0.23728813559322,0.375,0.632768361581921,0.372881355932203,0.660714285714286,0.564360971140632,2.03714179760104,NA,NA,NA,NA,0.564733683006104,0.891228444126338,NA
"Slc37a4",0.208728874104878,0.76043160792642,0.385562748049935,1.71439247842316,0.275227780387826,15080.8782182478,0.416512901658138,0.99988633303818,0.254237288135593,0.214285714285714,1.1864406779661,0.305084745762712,0.410714285714286,0.742815033161386,2.03577865205247,NA,NA,NA,NA,0.565014018791968,0.891228444126338,NA
"Gstm1",0.453755588991001,0.453641365127662,1.36525463300966,1.89566745912336,16870.6216196598,16776.0972177223,0.99991908157331,0.999887014646383,0.525423728813559,0.571428571428571,0.919491525423729,0.745762711864407,1.03571428571429,0.720046756282876,1.99979239113844,NA,NA,NA,NA,0.572449795586575,0.891228444126338,NA
"Med24",0.604399757598512,0.743944653694377,1.15679187095364,1.81322406687608,16776.5975460831,14610.8559748227,0.999931052043816,0.99987591424659,0.322033898305085,0.25,1.28813559322034,0.457627118644068,0.464285714285714,0.985658409387223,1.98437970743998,NA,NA,NA,NA,0.575655076624321,0.891228444126338,NA
"Amt",0.703067769498093,0.839961930743212,1.59826310782258,2.23161188340879,1.86974412090494,16301.1765338129,0.539140779585683,0.999863119915574,0.389830508474576,0.214285714285714,1.81920903954802,0.474576271186441,0.357142857142857,1.32881355932203,1.97955992341119,NA,NA,NA,NA,0.576659939628787,0.891228444126338,NA
"Acer3",0.661091538139011,0.820714119253762,1.05023091305234,1.59362440911332,17903.9614838113,15517.3797528171,0.999941344304612,0.999897311222181,0.254237288135593,0.160714285714286,1.5819209039548,0.355932203389831,0.285714285714286,1.24576271186441,1.96883874615293,NA,NA,NA,NA,0.578899464882394,0.891228444126338,NA
"Tmem150a",0.834160788094273,0.955178537224486,0.715415949110372,1.5936242269606,18998.13638252,10501.3273580076,0.999962344253395,0.999848268474108,0.0847457627118644,0.0357142857142857,2.3728813559322,0.11864406779661,0.0714285714285714,1.66101694915254,1.96041118593851,NA,NA,NA,NA,0.580664034427643,0.891228444126338,NA
"Nts",0.834160788094273,0.955178537224486,0.715415949110372,1.5936242269606,18998.13638252,10501.3273580076,0.999962344253395,0.999848268474108,0.0847457627118644,0.0357142857142857,2.3728813559322,0.11864406779661,0.0714285714285714,1.66101694915254,1.96041118593851,NA,NA,NA,NA,0.580664034427643,0.891228444126338,NA
"Ahnak",0.834160788094273,0.955178537224486,0.715415949110372,1.5936242269606,18998.13638252,10501.3273580076,0.999962344253395,0.999848268474108,0.0847457627118644,0.0357142857142857,2.3728813559322,0.11864406779661,0.0714285714285714,1.66101694915254,1.96041118593851,NA,NA,NA,NA,0.580664034427643,0.891228444126338,NA
"Epb41l2",0.65981428665029,0.770954120053093,1.19575770657987,1.94907924779721,16528.8713805087,11627.2824837864,0.999927661654573,0.999832398276943,0.254237288135593,0.267857142857143,0.949152542372881,0.406779661016949,0.446428571428571,0.911186440677966,1.95765339602929,NA,NA,NA,NA,0.581242255047168,0.891228444126338,NA
"Rgs3",0.851101540601024,0.722610386288224,1.5936236651214,1.4806404523592,12195.2302081824,10527.4700560862,0.999869341093461,0.999859374357898,0.152542372881356,0.214285714285714,0.711864406779661,0.23728813559322,0.410714285714286,0.577745025792189,1.94718485180999,NA,NA,NA,NA,0.583440723894871,0.891228444126338,NA
"Golim4",0.368879448480069,0.476843501077135,1.63819469318361,2.18454667634827,16074.548520495,14133.6115204003,0.999898098055079,0.999845459946792,0.779661016949153,0.678571428571429,1.14897413024086,1.03389830508475,1.14285714285714,0.904661016949152,1.93842555743487,NA,NA,NA,NA,0.585284545607506,0.891228444126338,NA
"Gpsm3",0.774264383190306,0.876573794274787,1.12626107313847,2.0255021617049,10443.266403124,12427.8824179475,0.99989216595839,0.999837046084756,0.152542372881356,0.142857142857143,1.06779661016949,0.254237288135593,0.25,1.01694915254237,1.93744459364164,NA,NA,NA,NA,0.585491281269698,0.891228444126338,NA
"Lgr4",0.5188328668789,0.669531524607788,1.86693119737262,1.99932622262861,12940.4548690956,12750.1183612253,0.999855749901279,0.999843216140908,0.728813559322034,0.392857142857143,1.85516178736518,0.898305084745763,0.660714285714286,1.35959688502061,1.93508525111756,NA,NA,NA,NA,0.585988707699431,0.891228444126338,NA
"Hjurp",0.219672485467933,0.281136814119627,3.08431996056245,2.88153639835097,10.9655166872454,10443.8331317826,0.780472895316994,0.999724168172495,2.06779661016949,1.41071428571429,1.46577987556318,2.40677966101695,2.07142857142857,1.16189362945646,1.92974704104745,NA,NA,NA,NA,0.587115223224363,0.891228444126338,NA
"Ostf1",0.483455514458318,0.487889308696364,1.27969016695633,1.8132240640976,15508.4249662711,10031.182937676,0.999917491003517,0.999819273920286,0.474576271186441,0.517857142857143,0.916423144360023,0.661016949152542,0.928571428571429,0.711864406779661,1.92832283705349,NA,NA,NA,NA,0.587416016203105,0.891228444126338,NA
"Abca3",0.752789448665672,0.87197231306923,0.959862490733955,1.81322398320228,10669.6474366497,15716.6954844218,0.999910046123541,0.999884644019554,0.169491525423729,0.125,1.35593220338983,0.23728813559322,0.232142857142857,1.02216427640156,1.92653427611177,NA,NA,NA,NA,0.587793907730859,0.891228444126338,NA
"Fbxo5",0.33708679794798,0.475682789089083,2.53120009501382,2.52028456060051,10774.5575899543,11539.7846746718,0.999765131368561,0.999781648070338,1.35593220338983,0.857142857142857,1.5819209039548,1.67796610169492,1.32142857142857,1.26981218506642,1.90607211927426,NA,NA,NA,NA,0.592128747372783,0.891228444126338,NA
"Abcg2",0.673589885579399,0.73507379742879,1.29814849108268,2.08953068137722,18037.476288798,14257.0509935349,0.999928035660316,0.999853460264465,0.305084745762712,0.321428571428571,0.949152542372881,0.423728813559322,0.553571428571429,0.765445598687807,1.90433097892731,NA,NA,NA,NA,0.592498579847787,0.891228444126338,NA
"Ass1",0.904873218368801,0.977589252421494,1.24721641165615,1.59362454940461,18518.3783016594,17664.4456822982,0.999932654339558,0.999909791633443,0.0677966101694915,0.0178571428571429,3.79661016949153,0.11864406779661,0.0357142857142857,3.32203389830509,1.89970905441249,NA,NA,NA,NA,0.593481056017313,0.891228444126338,NA
"Stap2",0.904873218368801,0.977589252421494,1.24721641165615,1.59362454940461,18518.3783016594,17664.4456822982,0.999932654339558,0.999909791633443,0.0677966101694915,0.0178571428571429,3.79661016949153,0.11864406779661,0.0357142857142857,3.32203389830509,1.89970905441249,NA,NA,NA,NA,0.593481056017313,0.891228444126338,NA
"Dach2",0.883673223619871,0.95999049891711,0.874217283445388,2.2316119979075,13868.1535804443,10002.757568401,0.999936966217373,0.999776950083836,0.0677966101694915,0.0535714285714286,1.26553672316384,0.101694915254237,0.0892857142857143,1.13898305084746,1.87364226735662,NA,NA,NA,NA,0.599042130742493,0.891228444126338,NA
"Mmrn2",0.883673223619871,0.95999049891711,0.874217283445388,2.2316119979075,13868.1535804443,10002.757568401,0.999936966217373,0.999776950083836,0.0677966101694915,0.0535714285714286,1.26553672316384,0.101694915254237,0.0892857142857143,1.13898305084746,1.87364226735662,NA,NA,NA,NA,0.599042130742493,0.891228444126338,NA
"Emp2",0.767347755561165,0.87197231306923,0.874220789620047,1.81322398320228,14217.7683173783,15716.6954844218,0.999938515875389,0.999884644019554,0.135593220338983,0.125,1.08474576271186,0.203389830508475,0.232142857142857,0.876140808344198,1.86666401921664,NA,NA,NA,NA,0.600536632350244,0.891228444126338,NA
"Cd59b",2.45932928663523e-13,0.955178537224486,0.0169491514263656,1.5936242269606,12488.0555038273,10501.3273580076,0.999998642772815,0.999848268474108,0.0169491525423729,0.0357142857142857,0.474576271186441,0.0169491525423729,0.0714285714285714,0.23728813559322,1.86640727509591,NA,NA,NA,NA,0.600591664395222,0.891228444126338,NA
"Defb19",2.45932928663523e-13,0.955178537224486,0.0169491514263656,1.5936242269606,12488.0555038273,10501.3273580076,0.999998642772815,0.999848268474108,0.0169491525423729,0.0357142857142857,0.474576271186441,0.0169491525423729,0.0714285714285714,0.23728813559322,1.86640727509591,NA,NA,NA,NA,0.600591664395222,0.891228444126338,NA
"Figf",2.45932928663523e-13,0.955178537224486,0.0169491514263656,1.5936242269606,12488.0555038273,10501.3273580076,0.999998642772815,0.999848268474108,0.0169491525423729,0.0357142857142857,0.474576271186441,0.0169491525423729,0.0714285714285714,0.23728813559322,1.86640727509591,NA,NA,NA,NA,0.600591664395222,0.891228444126338,NA
"Thbs3",2.45932928663523e-13,0.955178537224486,0.0169491514263656,1.5936242269606,12488.0555038273,10501.3273580076,0.999998642772815,0.999848268474108,0.0169491525423729,0.0357142857142857,0.474576271186441,0.0169491525423729,0.0714285714285714,0.23728813559322,1.86640727509591,NA,NA,NA,NA,0.600591664395222,0.891228444126338,NA
"Cd53",2.45932928663523e-13,0.955178537224486,0.0169491514263656,1.5936242269606,12488.0555038273,10501.3273580076,0.999998642772815,0.999848268474108,0.0169491525423729,0.0357142857142857,0.474576271186441,0.0169491525423729,0.0714285714285714,0.23728813559322,1.86640727509591,NA,NA,NA,NA,0.600591664395222,0.891228444126338,NA
"Col16a1",2.45932928663523e-13,0.955178537224486,0.0169491514263656,1.5936242269606,12488.0555038273,10501.3273580076,0.999998642772815,0.999848268474108,0.0169491525423729,0.0357142857142857,0.474576271186441,0.0169491525423729,0.0714285714285714,0.23728813559322,1.86640727509591,NA,NA,NA,NA,0.600591664395222,0.891228444126338,NA
"Cpa1",2.45932928663523e-13,0.955178537224486,0.0169491514263656,1.5936242269606,12488.0555038273,10501.3273580076,0.999998642772815,0.999848268474108,0.0169491525423729,0.0357142857142857,0.474576271186441,0.0169491525423729,0.0714285714285714,0.23728813559322,1.86640727509591,NA,NA,NA,NA,0.600591664395222,0.891228444126338,NA
"Gmfg",2.45932928663523e-13,0.955178537224486,0.0169491514263656,1.5936242269606,12488.0555038273,10501.3273580076,0.999998642772815,0.999848268474108,0.0169491525423729,0.0357142857142857,0.474576271186441,0.0169491525423729,0.0714285714285714,0.23728813559322,1.86640727509591,NA,NA,NA,NA,0.600591664395222,0.891228444126338,NA
"Arhgap9",2.45932928663523e-13,0.955178537224486,0.0169491514263656,1.5936242269606,12488.0555038273,10501.3273580076,0.999998642772815,0.999848268474108,0.0169491525423729,0.0357142857142857,0.474576271186441,0.0169491525423729,0.0714285714285714,0.23728813559322,1.86640727509591,NA,NA,NA,NA,0.600591664395222,0.891228444126338,NA
"Ndufa4l2",2.45932928663523e-13,0.955178537224486,0.0169491514263656,1.5936242269606,12488.0555038273,10501.3273580076,0.999998642772815,0.999848268474108,0.0169491525423729,0.0357142857142857,0.474576271186441,0.0169491525423729,0.0714285714285714,0.23728813559322,1.86640727509591,NA,NA,NA,NA,0.600591664395222,0.891228444126338,NA
"Dhx58",2.45932928663523e-13,0.955178537224486,0.0169491514263656,1.5936242269606,12488.0555038273,10501.3273580076,0.999998642772815,0.999848268474108,0.0169491525423729,0.0357142857142857,0.474576271186441,0.0169491525423729,0.0714285714285714,0.23728813559322,1.86640727509591,NA,NA,NA,NA,0.600591664395222,0.891228444126338,NA
"Mapt",2.45932928663523e-13,0.955178537224486,0.0169491514263656,1.5936242269606,12488.0555038273,10501.3273580076,0.999998642772815,0.999848268474108,0.0169491525423729,0.0357142857142857,0.474576271186441,0.0169491525423729,0.0714285714285714,0.23728813559322,1.86640727509591,NA,NA,NA,NA,0.600591664395222,0.891228444126338,NA
"Pecam1",2.45932928663523e-13,0.955178537224486,0.0169491514263656,1.5936242269606,12488.0555038273,10501.3273580076,0.999998642772815,0.999848268474108,0.0169491525423729,0.0357142857142857,0.474576271186441,0.0169491525423729,0.0714285714285714,0.23728813559322,1.86640727509591,NA,NA,NA,NA,0.600591664395222,0.891228444126338,NA
"Prune2",2.45932928663523e-13,0.955178537224486,0.0169491514263656,1.5936242269606,12488.0555038273,10501.3273580076,0.999998642772815,0.999848268474108,0.0169491525423729,0.0357142857142857,0.474576271186441,0.0169491525423729,0.0714285714285714,0.23728813559322,1.86640727509591,NA,NA,NA,NA,0.600591664395222,0.891228444126338,NA
"Ppp1r18",0.747780222671292,0.87197231306923,1.34399868959233,1.81322398320228,13195.7113624703,15716.6954844218,0.999898159198942,0.999884644019554,0.203389830508475,0.125,1.6271186440678,0.338983050847458,0.232142857142857,1.46023468057366,1.86540604959023,NA,NA,NA,NA,0.600806304288029,0.891228444126338,NA
"Tm4sf1",0.776197117948306,0.910357071354275,0.605859876896469,1.59362425349846,11976.0838215222,11291.6473704941,0.999949413411133,0.99985888689932,0.101694915254237,0.0714285714285714,1.42372881355932,0.135593220338983,0.142857142857143,0.949152542372881,1.85708027566329,NA,NA,NA,NA,0.602593089322207,0.891228444126338,NA
"Notch4",0.776197117948306,0.865535609842088,0.605859876896469,1.59362426051418,11976.0838215222,16333.0833891109,0.999949413411133,0.999902439193673,0.101694915254237,0.107142857142857,0.949152542372881,0.135593220338983,0.214285714285714,0.632768361581921,1.84091739202232,NA,NA,NA,NA,0.606071587605354,0.891228444126338,NA
"Efnb2",0.817441988420091,0.955178537224486,0.464212783876855,1.5936242269606,14417.1405550455,10501.3273580076,0.999967802364446,0.999848268474108,0.0677966101694915,0.0357142857142857,1.89830508474576,0.0847457627118644,0.0714285714285714,1.1864406779661,1.84075092506464,NA,NA,NA,NA,0.606107480904786,0.891228444126338,NA
"Wnk1",0.193768125154845,0.315055564555884,2.4176076977783,2.78958935636072,37.6445723653796,16576.152729631,0.939653616104592,0.999831739003449,1.59322033898305,1.25,1.27457627118644,1.94915254237288,1.91071428571429,1.02011721843814,1.83926702392705,NA,NA,NA,NA,0.606427497225888,0.891228444126338,NA
"Calml4",0.867993412762365,0.827424189349123,1.027170106368,1.75906133902174,18967.9093478751,14103.6517775183,0.999945849884341,0.999875291733143,0.101694915254237,0.160714285714286,0.632768361581921,0.135593220338983,0.303571428571429,0.44666001994018,1.80548536880788,NA,NA,NA,NA,0.613741986136864,0.891228444126338,NA
"H2-DMb1",0.867993411801254,0.827424189349123,1.02717018518171,1.75906133902174,16046.5363113795,14103.6517775183,0.999935992140716,0.999875291733143,0.0847457627118644,0.160714285714286,0.527306967984934,0.135593220338983,0.303571428571429,0.44666001994018,1.80537284879944,NA,NA,NA,NA,0.613766442174401,0.891228444126338,NA
"Kcnk2",0.904873218368801,0.811800839582658,1.24721641165615,1.42326252294514,18518.3783016594,15836.2577221218,0.999932654339558,0.99991013441145,0.0677966101694915,0.142857142857143,0.474576271186441,0.11864406779661,0.267857142857143,0.442937853107345,1.80062678947883,NA,NA,NA,NA,0.614798548859114,0.891228444126338,NA
"Tmem174",1.11349620864405e-07,0.932767804815503,0.118644069549336,1.59362426127945,0.156199778822198,17359.7333913588,0.568321902591929,0.99990820838408,0.11864406779661,0.0535714285714286,2.21468926553672,0.11864406779661,0.107142857142857,1.10734463276836,1.79832240727049,NA,NA,NA,NA,0.615300066813288,0.891228444126338,NA
"Lrrc8a",0.698846074934027,0.760431624263375,2.3075085421779,1.7143927558679,12171.1769971081,12123.5504347954,0.999810447982982,0.999858609871186,0.525423728813559,0.232142857142857,2.26336375488918,0.694915254237288,0.410714285714286,1.69196757553427,1.795539705485,NA,NA,NA,NA,0.615906026599862,0.891228444126338,NA
"Rgs10",0.884295059313881,0.95999049891711,1.31837393165456,2.2316119979075,17679.9818396182,10002.757568401,0.999925436822194,0.999776950083836,0.101694915254237,0.0535714285714286,1.89830508474576,0.152542372881356,0.0892857142857143,1.70847457627119,1.79295772714077,NA,NA,NA,NA,0.616468611164103,0.891228444126338,NA
"Abhd2",0.768590122625367,0.887946338822034,1.31837392336395,1.59362424455655,12135.9773815532,10120.585122111,0.999891378281462,0.999842561143753,0.203389830508475,0.0892857142857143,2.27796610169492,0.305084745762712,0.178571428571429,1.70847457627119,1.78847615755062,NA,NA,NA,NA,0.617445858284451,0.891228444126338,NA
"Nid2",0.768590607894858,0.887946338822034,1.31837915675228,1.59362424455655,11314.2477848996,10120.585122111,0.999883489775267,0.999842561143753,0.203389830508475,0.0892857142857143,2.27796610169492,0.305084745762712,0.178571428571429,1.70847457627119,1.78836336351159,NA,NA,NA,NA,0.617470466522968,0.891228444126338,NA
"Rasip1",0.957457465238639,2.16001639034695e-13,1.59362620187444,0.0178571424349252,13147.598377191,13409.1220825549,0.999878804248849,0.999998668285773,0.0338983050847458,0.0178571428571429,1.89830508474576,0.0677966101694915,0.0178571428571429,3.79661016949153,1.75836279636422,NA,NA,NA,NA,0.62403729460715,0.891228444126338,NA
"Rab3il1",0.888098555423982,0.887946354795119,0.605860017323186,1.59362431842353,13246.0655873156,11384.0527636421,0.999954263226069,0.999860032161186,0.0508474576271186,0.107142857142857,0.474576271186441,0.0677966101694915,0.178571428571429,0.379661016949153,1.75538636494606,NA,NA,NA,NA,0.624691141161153,0.891228444126338,NA
"Gpm6b",0.888098555423982,0.887946338822034,0.605860017323186,1.59362424455655,13246.0655873156,10120.585122111,0.999954263226069,0.999842561143753,0.0508474576271186,0.0892857142857143,0.569491525423729,0.0677966101694915,0.178571428571429,0.379661016949153,1.7552648332322,NA,NA,NA,NA,0.624717847504039,0.891228444126338,NA
"Heg1",0.888098555423982,0.887946338822034,0.605860017323186,1.59362424455655,13246.0655873156,10120.585122111,0.999954263226069,0.999842561143753,0.0508474576271186,0.0892857142857143,0.569491525423729,0.0677966101694915,0.178571428571429,0.379661016949153,1.7552648332322,NA,NA,NA,NA,0.624717847504039,0.891228444126338,NA
"Mmp2",0.619493241596213,0.687264007825436,1.24722156392858,1.94138975358125,19212.0127181802,17721.5253106806,0.999935085375005,0.999890462188555,0.338983050847458,0.339285714285714,0.999107939339875,0.474576271186441,0.607142857142857,0.781655034895314,1.75422563835286,NA,NA,NA,NA,0.624946236939533,0.891228444126338,NA
"Lactb2",0.829907180729687,0.932767804815503,1.19575748933821,1.59362426127945,19531.1026855279,17359.7333913588,0.999938780502826,0.99990820838408,0.135593220338983,0.0535714285714286,2.53107344632768,0.203389830508475,0.107142857142857,1.89830508474576,1.75267483728784,NA,NA,NA,NA,0.625287159697187,0.891228444126338,NA
"Lrp2",0.829907180729687,0.932767804815503,1.19575748933821,1.59362426127945,19531.1026855279,17359.7333913588,0.999938780502826,0.99990820838408,0.135593220338983,0.0535714285714286,2.53107344632768,0.203389830508475,0.107142857142857,1.89830508474576,1.75267483728784,NA,NA,NA,NA,0.625287159697187,0.891228444126338,NA
"Plvap",0.829907180729687,0.932767804815503,1.19575748933821,1.59362426127945,19531.1026855279,17359.7333913588,0.999938780502826,0.99990820838408,0.135593220338983,0.0535714285714286,2.53107344632768,0.203389830508475,0.107142857142857,1.89830508474576,1.75267483728784,NA,NA,NA,NA,0.625287159697187,0.891228444126338,NA
"Pcdh18",0.941836822089159,0.878096582449708,0.874221003813324,1.3183738986847,14493.8997254545,16285.3815221415,0.999939687158486,0.999919052115708,0.0338983050847458,0.0892857142857143,0.379661016949153,0.0508474576271186,0.160714285714286,0.31638418079096,1.75189507547135,NA,NA,NA,NA,0.625458622750022,0.891228444126338,NA
"Efemp2",0.347617632369464,0.350303601900071,1.63676516294243,2.11637525988627,17826.4440391564,12429.9243950234,0.999908191735223,0.999829764453078,0.796610169491525,0.821428571428571,0.969786293294031,1.06779661016949,1.375,0.776579352850539,1.75081352654456,NA,NA,NA,NA,0.625696493743422,0.891228444126338,NA
"Acvr1",0.776197117948306,0.887946338822034,0.605859876896469,1.59362424455655,11976.0838215222,10120.585122111,0.999949413411133,0.999842561143753,0.101694915254237,0.0892857142857143,1.13898305084746,0.135593220338983,0.178571428571429,0.759322033898305,1.74531464937941,NA,NA,NA,NA,0.626906744607768,0.891228444126338,NA
"Neu1",0.639755136863107,0.782776588621482,1.22327342255461,1.7263369585301,11143.2746504148,18516.9618801814,0.99989023521464,0.999906778658494,0.271186440677966,0.196428571428571,1.38058551617874,0.440677966101695,0.375,1.17514124293785,1.73565535152295,NA,NA,NA,NA,0.629036104396508,0.891228444126338,NA
"Bmp2k",0.924754816706831,0.87197231306923,1.12626076083587,1.81322398320228,17678.367617983,15716.6954844218,0.999936295644629,0.999884644019554,0.0508474576271186,0.125,0.406779661016949,0.0847457627118644,0.232142857142857,0.365058670143416,1.73545592531796,NA,NA,NA,NA,0.629080113289321,0.891228444126338,NA
"Sat1",0.529116875949589,0.686249756415244,1.0438349781079,1.59362426033407,10439.6230868756,12046.1627217499,0.999900022193417,0.999867724394936,0.338983050847458,0.25,1.35593220338983,0.491525423728814,0.5,0.983050847457627,1.73022947327934,NA,NA,NA,NA,0.630234136474777,0.891228444126338,NA
"Stat1",0.817441988420091,0.910357071354275,0.464212783876855,1.59362425349846,14417.1405550455,11291.6473704941,0.999967802364446,0.99985888689932,0.0847457627118644,0.0714285714285714,1.1864406779661,0.0847457627118644,0.142857142857143,0.593220338983051,1.7059937155515,NA,NA,NA,NA,0.63560207859009,0.891228444126338,NA
"Myo6",0.665502339775808,0.520863234887404,1.97614813148775,1.71439272193659,12689.3467322287,13169.0288798667,0.999844291398925,0.999869833259486,0.508474576271186,0.446428571428571,1.13898305084746,0.661016949152542,0.821428571428571,0.804716285924834,1.68573744168668,NA,NA,NA,NA,0.640109330472081,0.891228444126338,NA
"Ifnar2",0.717902853731528,0.743944653694377,1.08148786413878,1.81322406687608,14770.3640600581,14610.8559748227,0.999926785238409,0.99987591424659,0.203389830508475,0.25,0.813559322033898,0.305084745762712,0.464285714285714,0.657105606258149,1.67783516139431,NA,NA,NA,NA,0.641872737196562,0.891228444126338,NA
"Gm26737",0.888098555423982,0.938286855925688,0.605860017323186,2.02550181232652,13246.0655873156,11064.2442511085,0.999954263226069,0.999816966163165,0.0508474576271186,0.0714285714285714,0.711864406779661,0.0677966101694915,0.125,0.542372881355932,1.66614462872477,NA,NA,NA,NA,0.644486660585879,0.891228444126338,NA
"Atp11a",0.863439428138539,0.782776588621482,1.36526099701417,1.7263369585301,15391.0847834486,18516.9618801814,0.999911303204294,0.999906778658494,0.11864406779661,0.214285714285714,0.553672316384181,0.186440677966102,0.375,0.497175141242938,1.65867895424171,NA,NA,NA,NA,0.646159137550483,0.891228444126338,NA
"Cxx1a",0.452224020740163,0.528156276101377,1.4852044432137,2.04365460939921,10768.7208711734,13416.295662957,0.999862100647584,0.999847696904883,0.627118644067797,0.571428571428571,1.09745762711864,0.813559322033898,0.964285714285714,0.843691148775895,1.64883613172799,NA,NA,NA,NA,0.648367938087058,0.891228444126338,NA
"Igfbp2",0.252703409196556,0.169457000147563,3.99179180642575,3.56909360325628,24.6404036249849,7.49741288234858,0.860583802733947,0.677486873757414,2.5593220338983,2.16071428571429,1.18447961899426,2.98305084745763,2.96428571428571,1.00633040637125,1.64474181798744,NA,NA,NA,NA,0.649287994450745,0.891228444126338,NA
"Acot7",0.355673555996785,0.470892302836636,2.0255022455525,1.85622485219607,10028.9920389149,13268.3827742455,0.999798076093752,0.999860121219194,1.03389830508475,0.535714285714286,1.92994350282486,1.30508474576271,0.982142857142857,1.32881355932203,1.63271246055047,NA,NA,NA,NA,0.651995443879904,0.891228444126338,NA
"Gadd45b",0.957457465238639,0.894178484297315,1.59362620187444,1.85622440340545,13147.598377191,13185.9434555604,0.999878804248849,0.999859246845687,0.0338983050847458,0.107142857142857,0.31638418079096,0.0677966101694915,0.196428571428571,0.345146379044684,1.6264197084063,NA,NA,NA,NA,0.653414275286975,0.891228444126338,NA
"Tk1",0.417860653257256,0.441576468812745,2.06718500791331,2.62217760556759,15251.5953659862,13315.6451188173,0.999864479432333,0.999803114207937,0.932203389830508,0.964285714285714,0.966729441305712,1.20338983050847,1.46428571428571,0.821827201322861,1.62143475724588,NA,NA,NA,NA,0.654539457528519,0.891228444126338,NA
"Hmox1",0.842444106234402,0.932767804815503,1.39848146432733,1.59362426127945,13294.1031649777,17359.7333913588,0.999894815441981,0.99990820838408,0.135593220338983,0.0535714285714286,2.53107344632768,0.220338983050847,0.107142857142857,2.05649717514124,1.61662182361945,NA,NA,NA,NA,0.655626833085176,0.891228444126338,NA
"Plxnd1",0.817441988420091,0.932767804815503,0.464212783876855,1.59362426127945,14417.1405550455,17359.7333913588,0.999967802364446,0.99990820838408,0.0677966101694915,0.0535714285714286,1.26553672316384,0.0847457627118644,0.107142857142857,0.790960451977401,1.60925253035104,NA,NA,NA,NA,0.657293694988521,0.891228444126338,NA
"Coro2b",0.817441988420091,0.932767804815503,0.464212783876855,1.59362426127945,14417.1405550455,17359.7333913588,0.999967802364446,0.99990820838408,0.0677966101694915,0.0535714285714286,1.26553672316384,0.0847457627118644,0.107142857142857,0.790960451977401,1.60925253035104,NA,NA,NA,NA,0.657293694988521,0.891228444126338,NA
"Col12a1",0.817441988420091,0.932767804815503,0.464212783876855,1.59362426127945,14417.1405550455,17359.7333913588,0.999967802364446,0.99990820838408,0.0677966101694915,0.0535714285714286,1.26553672316384,0.0847457627118644,0.107142857142857,0.790960451977401,1.60925253035104,NA,NA,NA,NA,0.657293694988521,0.891228444126338,NA
"Slc34a1",0.817441988420091,0.932767804815503,0.464212783876855,1.59362426127945,14417.1405550455,17359.7333913588,0.999967802364446,0.99990820838408,0.0677966101694915,0.0535714285714286,1.26553672316384,0.0847457627118644,0.107142857142857,0.790960451977401,1.60925253035104,NA,NA,NA,NA,0.657293694988521,0.891228444126338,NA
"Ifi27l2a",0.825509657773274,0.849715366262648,0.874216706754564,1.78233328328745,11458.5360677806,17278.112628524,0.999923711893976,0.999896855085796,0.11864406779661,0.142857142857143,0.830508474576271,0.152542372881356,0.267857142857143,0.569491525423729,1.57347140957259,NA,NA,NA,NA,0.665419845417678,0.891228444126338,NA
"Egfl7",0.367352301341032,0.52686423411814,1.50028415238782,1.77387938615358,14484.3523597523,13312.534801095,0.999896431077323,0.999866768945446,0.694915254237288,0.446428571428571,1.55661016949153,0.949152542372881,0.839285714285714,1.13090515686982,1.56721220310317,NA,NA,NA,NA,0.666846868273174,0.891228444126338,NA
"Crabp2",0.600493244769883,0.559435616396878,1.44245629542286,1.90502397584632,15970.7094573324,16143.0062489187,0.999909689295267,0.999882004679763,0.440677966101695,0.482142857142857,0.913998744507219,0.576271186440678,0.839285714285714,0.686620988099531,1.55912522865123,NA,NA,NA,NA,0.668692993202084,0.891228444126338,NA
"Cldn11",0.825509657773274,0.932767804815503,0.874216706754564,1.59362426127945,11458.5360677806,17359.7333913588,0.999923711893976,0.99990820838408,0.101694915254237,0.0535714285714286,1.89830508474576,0.152542372881356,0.107142857142857,1.42372881355932,1.55382611819181,NA,NA,NA,NA,0.669904148184791,0.891228444126338,NA
"Kank3",0.825509657773274,0.932767804815503,0.874216706754564,1.59362426127945,11458.5360677806,17359.7333913588,0.999923711893976,0.99990820838408,0.11864406779661,0.0535714285714286,2.21468926553672,0.152542372881356,0.107142857142857,1.42372881355932,1.55382611819181,NA,NA,NA,NA,0.669904148184791,0.891228444126338,NA
"Rnase4",5.66474256821242e-07,0.865535609842088,0.10169492619343,1.59362426051418,0.0999203266487662,16333.0833891109,0.495599044418399,0.999902439193673,0.0847457627118644,0.107142857142857,0.790960451977401,0.101694915254237,0.214285714285714,0.474576271186441,1.54855195666754,NA,NA,NA,NA,0.671110737144044,0.891228444126338,NA
"Aldh6a1",0.793028136467284,0.810507163306228,1.06458434130864,1.88473155896496,15873.5751895702,10763.2305404999,0.999932938047321,0.999824922305862,0.152542372881356,0.196428571428571,0.776579352850539,0.220338983050847,0.357142857142857,0.616949152542373,1.5485075868406,NA,NA,NA,NA,0.671120892580963,0.891228444126338,NA
"Bok",0.354812648333655,0.473607174230909,2.25922949287616,2.13718714975558,111.516174419344,10975.9614441615,0.980143076489368,0.999805322649984,1.1864406779661,0.660714285714286,1.79569399908383,1.45762711864407,1.125,1.29566854990584,1.54253287655609,NA,NA,NA,NA,0.672489121277732,0.891228444126338,NA
"Tgfbr2",0.863439428138539,0.775893120283878,1.36526099701417,1.59361875644628,15391.0847834486,18768.2638604617,0.999911303204294,0.999915096917587,0.101694915254237,0.196428571428571,0.517719568567026,0.186440677966102,0.357142857142857,0.522033898305085,1.52396376531063,NA,NA,NA,NA,0.676750652274966,0.891228444126338,NA
"Hspb1",0.867993411801254,0.955178537224486,1.02717018518171,1.5936242269606,16046.5363113795,10501.3273580076,0.999935992140716,0.999848268474108,0.101694915254237,0.0357142857142857,2.84745762711864,0.135593220338983,0.0714285714285714,1.89830508474576,1.50816313636247,NA,NA,NA,NA,0.680387568370562,0.891228444126338,NA
"Zc3hav1",0.867993411801254,0.955178537224486,1.02717018518171,1.5936242269606,16046.5363113795,10501.3273580076,0.999935992140716,0.999848268474108,0.0847457627118644,0.0357142857142857,2.3728813559322,0.135593220338983,0.0714285714285714,1.89830508474576,1.50816313636247,NA,NA,NA,NA,0.680387568370562,0.891228444126338,NA
"Mfap5",0.867993411801254,0.955178537224486,1.02717018518171,1.5936242269606,16046.5363113795,10501.3273580076,0.999935992140716,0.999848268474108,0.0847457627118644,0.0357142857142857,2.3728813559322,0.135593220338983,0.0714285714285714,1.89830508474576,1.50816313636247,NA,NA,NA,NA,0.680387568370562,0.891228444126338,NA
"Ctsh",0.867993411801254,0.955178537224486,1.02717018518171,1.5936242269606,16046.5363113795,10501.3273580076,0.999935992140716,0.999848268474108,0.0847457627118644,0.0357142857142857,2.3728813559322,0.135593220338983,0.0714285714285714,1.89830508474576,1.50816313636247,NA,NA,NA,NA,0.680387568370562,0.891228444126338,NA
"Rnasel",0.924754816706831,0.865535609842088,1.12626076083587,1.59362426051418,17678.367617983,16333.0833891109,0.999936295644629,0.999902439193673,0.0508474576271186,0.107142857142857,0.474576271186441,0.0847457627118644,0.214285714285714,0.395480225988701,1.50535244532473,NA,NA,NA,NA,0.681035540867972,0.891228444126338,NA
"P2rx4",0.924754816706831,0.865535609842088,1.12626076083587,1.59362426051418,17678.367617983,16333.0833891109,0.999936295644629,0.999902439193673,0.0508474576271186,0.107142857142857,0.474576271186441,0.0847457627118644,0.214285714285714,0.395480225988701,1.50535244532473,NA,NA,NA,NA,0.681035540867972,0.891228444126338,NA
"Acadm",0.474677408365511,0.537330105198378,1.35509932854868,1.89119719867276,12418.7701451315,14046.0927533626,0.999890894874095,0.999865375899821,0.559322033898305,0.5,1.11864406779661,0.711864406779661,0.875,0.813559322033898,1.49574717333945,NA,NA,NA,NA,0.683252227822873,0.891228444126338,NA
"Plpp1",0.777404744046786,0.887946338822034,0.761433682392293,1.59362424455655,10158.8740607822,10120.585122111,0.999925053051086,0.999842561143753,0.11864406779661,0.0892857142857143,1.32881355932203,0.169491525423729,0.178571428571429,0.949152542372881,1.487448002129,NA,NA,NA,NA,0.685170340338252,0.891228444126338,NA
"Srpx",0.888098555423982,0.977589252421494,0.605860017323186,1.59362454940461,13246.0655873156,17664.4456822982,0.999954263226069,0.999909791633443,0.0508474576271186,0.0178571428571429,2.84745762711864,0.0677966101694915,0.0357142857142857,1.89830508474576,1.48473168617306,NA,NA,NA,NA,0.685798706149605,0.891228444126338,NA
"Tifa",0.888098555423982,0.977589252421494,0.605860017323186,1.59362454940461,13246.0655873156,17664.4456822982,0.999954263226069,0.999909791633443,0.0508474576271186,0.0178571428571429,2.84745762711864,0.0677966101694915,0.0357142857142857,1.89830508474576,1.48473168617306,NA,NA,NA,NA,0.685798706149605,0.891228444126338,NA
"Dok4",0.888098555423982,0.977589252421494,0.605860017323186,1.59362454940461,13246.0655873156,17664.4456822982,0.999954263226069,0.999909791633443,0.0677966101694915,0.0178571428571429,3.79661016949153,0.0677966101694915,0.0357142857142857,1.89830508474576,1.48473168617306,NA,NA,NA,NA,0.685798706149605,0.891228444126338,NA
"Plcg2",0.888098555423982,0.977589252421494,0.605860017323186,1.59362454940461,13246.0655873156,17664.4456822982,0.999954263226069,0.999909791633443,0.0508474576271186,0.0178571428571429,2.84745762711864,0.0677966101694915,0.0357142857142857,1.89830508474576,1.48473168617306,NA,NA,NA,NA,0.685798706149605,0.891228444126338,NA
"Spink8",0.888098555423982,0.977589252421494,0.605860017323186,1.59362454940461,13246.0655873156,17664.4456822982,0.999954263226069,0.999909791633443,0.0508474576271186,0.0178571428571429,2.84745762711864,0.0677966101694915,0.0357142857142857,1.89830508474576,1.48473168617306,NA,NA,NA,NA,0.685798706149605,0.891228444126338,NA
"Acaa1b",0.888098555423982,0.977589252421494,0.605860017323186,1.59362454940461,13246.0655873156,17664.4456822982,0.999954263226069,0.999909791633443,0.0508474576271186,0.0178571428571429,2.84745762711864,0.0677966101694915,0.0357142857142857,1.89830508474576,1.48473168617306,NA,NA,NA,NA,0.685798706149605,0.891228444126338,NA
"Sod2",0.162464147945464,0.23910916599293,2.3474846008611,2.79277919531877,18.6598844200223,16871.7977252381,0.88825423124012,0.999834497957471,1.6271186440678,1.42857142857143,1.13898305084746,1.96610169491525,2.125,0.925224327018943,1.46744414586249,NA,NA,NA,NA,0.689804327242297,0.891228444126338,NA
"Agtr2",0.941836822089159,0.981012730883061,0.874221003813324,2.82143937142338,14493.8997254545,17320.8914117069,0.999939687158486,0.99983713425663,0.0338983050847458,0.0357142857142857,0.949152542372881,0.0508474576271186,0.0535714285714286,0.949152542372881,1.46344993667493,NA,NA,NA,NA,0.690731387779617,0.891228444126338,NA
"Rora",0.872372899489783,0.767255762716774,1.59362640947075,1.45776334455,16528.1832802086,18523.4079957693,0.999903590567588,0.999921307751241,0.152542372881356,0.178571428571429,0.854237288135593,0.203389830508475,0.339285714285714,0.599464763603925,1.46180300403736,NA,NA,NA,NA,0.691113813685049,0.891228444126338,NA
"Ube2l6",0.840104848144569,0.910357071354275,1.48402354456673,1.59362425349846,1.39438901002868,11291.6473704941,0.484429866664709,0.99985888689932,0.186440677966102,0.0714285714285714,2.61016949152542,0.23728813559322,0.142857142857143,1.66101694915254,1.45239048768696,NA,NA,NA,NA,0.693301349274151,0.891228444126338,NA
"Retn",1,0.981781634298066,0,3.9206903988204,1,19474.7554491391,1,0.999798718846664,0,0.0535714285714286,0,0,0.0714285714285714,0,1.44852954032499,NA,NA,NA,NA,0.694199591318067,0.891228444126338,NA
"Gm26802",1,0.981012730883061,0,2.82143937142338,1,17320.8914117069,1,0.99983713425663,0,0.0357142857142857,0,0,0.0535714285714286,0,1.44843763095582,NA,NA,NA,NA,0.694220980413882,0.891228444126338,NA
"Eci3",1,0.981012730883061,0,2.82143937142338,1,17320.8914117069,1,0.99983713425663,0,0.0357142857142857,0,0,0.0535714285714286,0,1.44843763095582,NA,NA,NA,NA,0.694220980413882,0.891228444126338,NA
"Slc11a1",1,0.977589252421494,0,1.59362454940461,1,17664.4456822982,1,0.999909791633443,0,0.0178571428571429,0,0,0.0357142857142857,0,1.44841336922134,NA,NA,NA,NA,0.694226626641621,0.891228444126338,NA
"Wnt6",1,0.977589252421494,0,1.59362454940461,1,17664.4456822982,1,0.999909791633443,0,0.0178571428571429,0,0,0.0357142857142857,0,1.44841336922134,NA,NA,NA,NA,0.694226626641621,0.891228444126338,NA
"Inpp5d",1,0.977589252421494,0,1.59362454940461,1,17664.4456822982,1,0.999909791633443,0,0.0178571428571429,0,0,0.0357142857142857,0,1.44841336922134,NA,NA,NA,NA,0.694226626641621,0.891228444126338,NA
"Ramp1",1,0.977589252421494,0,1.59362454940461,1,17664.4456822982,1,0.999909791633443,0,0.0178571428571429,0,0,0.0357142857142857,0,1.44841336922134,NA,NA,NA,NA,0.694226626641621,0.891228444126338,NA
"Fmod",1,0.977589252421494,0,1.59362454940461,1,17664.4456822982,1,0.999909791633443,0,0.0178571428571429,0,0,0.0357142857142857,0,1.44841336922134,NA,NA,NA,NA,0.694226626641621,0.891228444126338,NA
"Atp6v1g3",1,0.977589252421494,0,1.59362454940461,1,17664.4456822982,1,0.999909791633443,0,0.0178571428571429,0,0,0.0357142857142857,0,1.44841336922134,NA,NA,NA,NA,0.694226626641621,0.891228444126338,NA
"Slamf9",1,0.977589252421494,0,1.59362454940461,1,17664.4456822982,1,0.999909791633443,0,0.0178571428571429,0,0,0.0357142857142857,0,1.44841336922134,NA,NA,NA,NA,0.694226626641621,0.891228444126338,NA
"Camk1d",1,0.977589252421494,0,1.59362454940461,1,17664.4456822982,1,0.999909791633443,0,0.0178571428571429,0,0,0.0357142857142857,0,1.44841336922134,NA,NA,NA,NA,0.694226626641621,0.891228444126338,NA
"Pip5kl1",1,0.977589252421494,0,1.59362454940461,1,17664.4456822982,1,0.999909791633443,0,0.0178571428571429,0,0,0.0357142857142857,0,1.44841336922134,NA,NA,NA,NA,0.694226626641621,0.891228444126338,NA
"Nostrin",1,0.977589252421494,0,1.59362454940461,1,17664.4456822982,1,0.999909791633443,0,0.0178571428571429,0,0,0.0357142857142857,0,1.44841336922134,NA,NA,NA,NA,0.694226626641621,0.891228444126338,NA
"Slc12a1",1,0.977589252421494,0,1.59362454940461,1,17664.4456822982,1,0.999909791633443,0,0.0178571428571429,0,0,0.0357142857142857,0,1.44841336922134,NA,NA,NA,NA,0.694226626641621,0.891228444126338,NA
"Fgf7",1,0.977589252421494,0,1.59362454940461,1,17664.4456822982,1,0.999909791633443,0,0.0178571428571429,0,0,0.0357142857142857,0,1.44841336922134,NA,NA,NA,NA,0.694226626641621,0.891228444126338,NA
"Gm14133",1,0.977589252421494,0,1.59362454940461,1,17664.4456822982,1,0.999909791633443,0,0.0178571428571429,0,0,0.0357142857142857,0,1.44841336922134,NA,NA,NA,NA,0.694226626641621,0.891228444126338,NA
"Necab3",1,0.977589252421494,0,1.59362454940461,1,17664.4456822982,1,0.999909791633443,0,0.0178571428571429,0,0,0.0357142857142857,0,1.44841336922134,NA,NA,NA,NA,0.694226626641621,0.891228444126338,NA
"Procr",1,0.977589252421494,0,1.59362454940461,1,17664.4456822982,1,0.999909791633443,0,0.0178571428571429,0,0,0.0357142857142857,0,1.44841336922134,NA,NA,NA,NA,0.694226626641621,0.891228444126338,NA
"Slpi",1,0.977589252421494,0,1.59362454940461,1,17664.4456822982,1,0.999909791633443,0,0.0178571428571429,0,0,0.0357142857142857,0,1.44841336922134,NA,NA,NA,NA,0.694226626641621,0.891228444126338,NA
"Was",1,0.977589252421494,0,1.59362454940461,1,17664.4456822982,1,0.999909791633443,0,0.0178571428571429,0,0,0.0357142857142857,0,1.44841336922134,NA,NA,NA,NA,0.694226626641621,0.891228444126338,NA
"Rgn",1,0.977589252421494,0,1.59362454940461,1,17664.4456822982,1,0.999909791633443,0,0.0178571428571429,0,0,0.0357142857142857,0,1.44841336922134,NA,NA,NA,NA,0.694226626641621,0.891228444126338,NA
"Slc7a12",1,0.977589252421494,0,1.59362454940461,1,17664.4456822982,1,0.999909791633443,0,0.0178571428571429,0,0,0.0357142857142857,0,1.44841336922134,NA,NA,NA,NA,0.694226626641621,0.891228444126338,NA
"Postn",1,0.977589252421494,0,1.59362454940461,1,17664.4456822982,1,0.999909791633443,0,0.0178571428571429,0,0,0.0357142857142857,0,1.44841336922134,NA,NA,NA,NA,0.694226626641621,0.891228444126338,NA
"Sprr1a",1,0.977589252421494,0,1.59362454940461,1,17664.4456822982,1,0.999909791633443,0,0.0178571428571429,0,0,0.0357142857142857,0,1.44841336922134,NA,NA,NA,NA,0.694226626641621,0.891228444126338,NA
"Slc16a4",1,0.977589252421494,0,1.59362454940461,1,17664.4456822982,1,0.999909791633443,0,0.0178571428571429,0,0,0.0357142857142857,0,1.44841336922134,NA,NA,NA,NA,0.694226626641621,0.891228444126338,NA
"Ntng1",1,0.977589252421494,0,1.59362454940461,1,17664.4456822982,1,0.999909791633443,0,0.0178571428571429,0,0,0.0357142857142857,0,1.44841336922134,NA,NA,NA,NA,0.694226626641621,0.891228444126338,NA
"Dkk2",1,0.977589252421494,0,1.59362454940461,1,17664.4456822982,1,0.999909791633443,0,0.0178571428571429,0,0,0.0357142857142857,0,1.44841336922134,NA,NA,NA,NA,0.694226626641621,0.891228444126338,NA
"Slc26a7",1,0.977589252421494,0,1.59362454940461,1,17664.4456822982,1,0.999909791633443,0,0.0178571428571429,0,0,0.0357142857142857,0,1.44841336922134,NA,NA,NA,NA,0.694226626641621,0.891228444126338,NA
"Coro2a",1,0.977589252421494,0,1.59362454940461,1,17664.4456822982,1,0.999909791633443,0,0.0178571428571429,0,0,0.0357142857142857,0,1.44841336922134,NA,NA,NA,NA,0.694226626641621,0.891228444126338,NA
"Cyp2j13",1,0.977589252421494,0,1.59362454940461,1,17664.4456822982,1,0.999909791633443,0,0.0178571428571429,0,0,0.0357142857142857,0,1.44841336922134,NA,NA,NA,NA,0.694226626641621,0.891228444126338,NA
"Hgf",1,0.977589252421494,0,1.59362454940461,1,17664.4456822982,1,0.999909791633443,0,0.0178571428571429,0,0,0.0357142857142857,0,1.44841336922134,NA,NA,NA,NA,0.694226626641621,0.891228444126338,NA
"Cd36",1,0.977589252421494,0,1.59362454940461,1,17664.4456822982,1,0.999909791633443,0,0.0178571428571429,0,0,0.0357142857142857,0,1.44841336922134,NA,NA,NA,NA,0.694226626641621,0.891228444126338,NA
"Gsap",1,0.977589252421494,0,1.59362454940461,1,17664.4456822982,1,0.999909791633443,0,0.0178571428571429,0,0,0.0357142857142857,0,1.44841336922134,NA,NA,NA,NA,0.694226626641621,0.891228444126338,NA
"Cpz",1,0.977589252421494,0,1.59362454940461,1,17664.4456822982,1,0.999909791633443,0,0.0178571428571429,0,0,0.0357142857142857,0,1.44841336922134,NA,NA,NA,NA,0.694226626641621,0.891228444126338,NA
"Bmp3",1,0.977589252421494,0,1.59362454940461,1,17664.4456822982,1,0.999909791633443,0,0.0178571428571429,0,0,0.0357142857142857,0,1.44841336922134,NA,NA,NA,NA,0.694226626641621,0.891228444126338,NA
"Tmem119",1,0.977589252421494,0,1.59362454940461,1,17664.4456822982,1,0.999909791633443,0,0.0178571428571429,0,0,0.0357142857142857,0,1.44841336922134,NA,NA,NA,NA,0.694226626641621,0.891228444126338,NA
"Pilra",1,0.977589252421494,0,1.59362454940461,1,17664.4456822982,1,0.999909791633443,0,0.0178571428571429,0,0,0.0357142857142857,0,1.44841336922134,NA,NA,NA,NA,0.694226626641621,0.891228444126338,NA
"Gimap8",1,0.977589252421494,0,1.59362454940461,1,17664.4456822982,1,0.999909791633443,0,0.0178571428571429,0,0,0.0357142857142857,0,1.44841336922134,NA,NA,NA,NA,0.694226626641621,0.891228444126338,NA
"Cyp26b1",1,0.977589252421494,0,1.59362454940461,1,17664.4456822982,1,0.999909791633443,0,0.0178571428571429,0,0,0.0357142857142857,0,1.44841336922134,NA,NA,NA,NA,0.694226626641621,0.891228444126338,NA
"Clec4a1",1,0.977589252421494,0,1.59362454940461,1,17664.4456822982,1,0.999909791633443,0,0.0178571428571429,0,0,0.0357142857142857,0,1.44841336922134,NA,NA,NA,NA,0.694226626641621,0.891228444126338,NA
"C5ar1",1,0.977589252421494,0,1.59362454940461,1,17664.4456822982,1,0.999909791633443,0,0.0178571428571429,0,0,0.0357142857142857,0,1.44841336922134,NA,NA,NA,NA,0.694226626641621,0.891228444126338,NA
"Fxyd3",1,0.977589252421494,0,1.59362454940461,1,17664.4456822982,1,0.999909791633443,0,0.0178571428571429,0,0,0.0357142857142857,0,1.44841336922134,NA,NA,NA,NA,0.694226626641621,0.891228444126338,NA
"RP23-291B1.2",1,0.977589252421494,0,1.59362454940461,1,17664.4456822982,1,0.999909791633443,0,0.0178571428571429,0,0,0.0357142857142857,0,1.44841336922134,NA,NA,NA,NA,0.694226626641621,0.891228444126338,NA
"Kcne3",1,0.977589252421494,0,1.59362454940461,1,17664.4456822982,1,0.999909791633443,0,0.0178571428571429,0,0,0.0357142857142857,0,1.44841336922134,NA,NA,NA,NA,0.694226626641621,0.891228444126338,NA
"Nrip3",1,0.977589252421494,0,1.59362454940461,1,17664.4456822982,1,0.999909791633443,0,0.0178571428571429,0,0,0.0357142857142857,0,1.44841336922134,NA,NA,NA,NA,0.694226626641621,0.891228444126338,NA
"Adm",1,0.977589252421494,0,1.59362454940461,1,17664.4456822982,1,0.999909791633443,0,0.0178571428571429,0,0,0.0357142857142857,0,1.44841336922134,NA,NA,NA,NA,0.694226626641621,0.891228444126338,NA
"RP23-306P12.2",1,0.977589252421494,0,1.59362454940461,1,17664.4456822982,1,0.999909791633443,0,0.0178571428571429,0,0,0.0357142857142857,0,1.44841336922134,NA,NA,NA,NA,0.694226626641621,0.891228444126338,NA
"Igsf6",1,0.977589252421494,0,1.59362454940461,1,17664.4456822982,1,0.999909791633443,0,0.0178571428571429,0,0,0.0357142857142857,0,1.44841336922134,NA,NA,NA,NA,0.694226626641621,0.891228444126338,NA
"Sult1a1",1,0.977589252421494,0,1.59362454940461,1,17664.4456822982,1,0.999909791633443,0,0.0178571428571429,0,0,0.0357142857142857,0,1.44841336922134,NA,NA,NA,NA,0.694226626641621,0.891228444126338,NA
"Irf7",1,0.977589252421494,0,1.59362454940461,1,17664.4456822982,1,0.999909791633443,0,0.0178571428571429,0,0,0.0357142857142857,0,1.44841336922134,NA,NA,NA,NA,0.694226626641621,0.891228444126338,NA
"Perp",1,0.977589252421494,0,1.59362454940461,1,17664.4456822982,1,0.999909791633443,0,0.0178571428571429,0,0,0.0357142857142857,0,1.44841336922134,NA,NA,NA,NA,0.694226626641621,0.891228444126338,NA
"Tnfaip3",1,0.977589252421494,0,1.59362454940461,1,17664.4456822982,1,0.999909791633443,0,0.0178571428571429,0,0,0.0357142857142857,0,1.44841336922134,NA,NA,NA,NA,0.694226626641621,0.891228444126338,NA
"Lilrb4a",1,0.977589252421494,0,1.59362454940461,1,17664.4456822982,1,0.999909791633443,0,0.0178571428571429,0,0,0.0357142857142857,0,1.44841336922134,NA,NA,NA,NA,0.694226626641621,0.891228444126338,NA
"Gm16104",1,0.977589252421494,0,1.59362454940461,1,17664.4456822982,1,0.999909791633443,0,0.0178571428571429,0,0,0.0357142857142857,0,1.44841336922134,NA,NA,NA,NA,0.694226626641621,0.891228444126338,NA
"Pah",1,0.977589252421494,0,1.59362454940461,1,17664.4456822982,1,0.999909791633443,0,0.0178571428571429,0,0,0.0357142857142857,0,1.44841336922134,NA,NA,NA,NA,0.694226626641621,0.891228444126338,NA
"Slc5a8",1,0.977589252421494,0,1.59362454940461,1,17664.4456822982,1,0.999909791633443,0,0.0178571428571429,0,0,0.0357142857142857,0,1.44841336922134,NA,NA,NA,NA,0.694226626641621,0.891228444126338,NA
"Ptprb",1,0.977589252421494,0,1.59362454940461,1,17664.4456822982,1,0.999909791633443,0,0.0178571428571429,0,0,0.0357142857142857,0,1.44841336922134,NA,NA,NA,NA,0.694226626641621,0.891228444126338,NA
"Slc10a2",1,0.977589252421494,0,1.59362454940461,1,17664.4456822982,1,0.999909791633443,0,0.0178571428571429,0,0,0.0357142857142857,0,1.44841336922134,NA,NA,NA,NA,0.694226626641621,0.891228444126338,NA
"Lrrc25",1,0.977589252421494,0,1.59362454940461,1,17664.4456822982,1,0.999909791633443,0,0.0178571428571429,0,0,0.0357142857142857,0,1.44841336922134,NA,NA,NA,NA,0.694226626641621,0.891228444126338,NA
"Ushbp1",1,0.977589252421494,0,1.59362454940461,1,17664.4456822982,1,0.999909791633443,0,0.0178571428571429,0,0,0.0357142857142857,0,1.44841336922134,NA,NA,NA,NA,0.694226626641621,0.891228444126338,NA
"Sult5a1",1,0.977589252421494,0,1.59362454940461,1,17664.4456822982,1,0.999909791633443,0,0.0178571428571429,0,0,0.0357142857142857,0,1.44841336922134,NA,NA,NA,NA,0.694226626641621,0.891228444126338,NA
"Dpep1",1,0.977589252421494,0,1.59362454940461,1,17664.4456822982,1,0.999909791633443,0,0.0178571428571429,0,0,0.0357142857142857,0,1.44841336922134,NA,NA,NA,NA,0.694226626641621,0.891228444126338,NA
"Lrrc3b",1,0.977589252421494,0,1.59362454940461,1,17664.4456822982,1,0.999909791633443,0,0.0178571428571429,0,0,0.0357142857142857,0,1.44841336922134,NA,NA,NA,NA,0.694226626641621,0.891228444126338,NA
"Vstm4",1,0.977589252421494,0,1.59362454940461,1,17664.4456822982,1,0.999909791633443,0,0.0178571428571429,0,0,0.0357142857142857,0,1.44841336922134,NA,NA,NA,NA,0.694226626641621,0.891228444126338,NA
"Wdfy4",1,0.977589252421494,0,1.59362454940461,1,17664.4456822982,1,0.999909791633443,0,0.0178571428571429,0,0,0.0357142857142857,0,1.44841336922134,NA,NA,NA,NA,0.694226626641621,0.891228444126338,NA
"Slc7a8",1,0.977589252421494,0,1.59362454940461,1,17664.4456822982,1,0.999909791633443,0,0.0178571428571429,0,0,0.0357142857142857,0,1.44841336922134,NA,NA,NA,NA,0.694226626641621,0.891228444126338,NA
"Ltb4r1",1,0.977589252421494,0,1.59362454940461,1,17664.4456822982,1,0.999909791633443,0,0.0178571428571429,0,0,0.0357142857142857,0,1.44841336922134,NA,NA,NA,NA,0.694226626641621,0.891228444126338,NA
"Nefm",1,0.977589252421494,0,1.59362454940461,1,17664.4456822982,1,0.999909791633443,0,0.0178571428571429,0,0,0.0357142857142857,0,1.44841336922134,NA,NA,NA,NA,0.694226626641621,0.891228444126338,NA
"Slitrk6",1,0.977589252421494,0,1.59362454940461,1,17664.4456822982,1,0.999909791633443,0,0.0178571428571429,0,0,0.0357142857142857,0,1.44841336922134,NA,NA,NA,NA,0.694226626641621,0.891228444126338,NA
"Acp5",1,0.977589252421494,0,1.59362454940461,1,17664.4456822982,1,0.999909791633443,0,0.0178571428571429,0,0,0.0357142857142857,0,1.44841336922134,NA,NA,NA,NA,0.694226626641621,0.891228444126338,NA
"Nnmt",1,0.977589252421494,0,1.59362454940461,1,17664.4456822982,1,0.999909791633443,0,0.0178571428571429,0,0,0.0357142857142857,0,1.44841336922134,NA,NA,NA,NA,0.694226626641621,0.891228444126338,NA
"Dapk2",1,0.977589252421494,0,1.59362454940461,1,17664.4456822982,1,0.999909791633443,0,0.0178571428571429,0,0,0.0357142857142857,0,1.44841336922134,NA,NA,NA,NA,0.694226626641621,0.891228444126338,NA
"Paqr9",1,0.977589252421494,0,1.59362454940461,1,17664.4456822982,1,0.999909791633443,0,0.0178571428571429,0,0,0.0357142857142857,0,1.44841336922134,NA,NA,NA,NA,0.694226626641621,0.891228444126338,NA
"Ccr5",1,0.977589252421494,0,1.59362454940461,1,17664.4456822982,1,0.999909791633443,0,0.0178571428571429,0,0,0.0357142857142857,0,1.44841336922134,NA,NA,NA,NA,0.694226626641621,0.891228444126338,NA
"Myl7",1,0.977589252421494,0,1.59362454940461,1,17664.4456822982,1,0.999909791633443,0,0.0178571428571429,0,0,0.0357142857142857,0,1.44841336922134,NA,NA,NA,NA,0.694226626641621,0.891228444126338,NA
"Ccdc85a",1,0.977589252421494,0,1.59362454940461,1,17664.4456822982,1,0.999909791633443,0,0.0178571428571429,0,0,0.0357142857142857,0,1.44841336922134,NA,NA,NA,NA,0.694226626641621,0.891228444126338,NA
"Gm12216",1,0.977589252421494,0,1.59362454940461,1,17664.4456822982,1,0.999909791633443,0,0.0178571428571429,0,0,0.0357142857142857,0,1.44841336922134,NA,NA,NA,NA,0.694226626641621,0.891228444126338,NA
"Grap",1,0.977589252421494,0,1.59362454940461,1,17664.4456822982,1,0.999909791633443,0,0.0178571428571429,0,0,0.0357142857142857,0,1.44841336922134,NA,NA,NA,NA,0.694226626641621,0.891228444126338,NA
"Adora2b",1,0.977589252421494,0,1.59362454940461,1,17664.4456822982,1,0.999909791633443,0,0.0178571428571429,0,0,0.0357142857142857,0,1.44841336922134,NA,NA,NA,NA,0.694226626641621,0.891228444126338,NA
"Pik3r5",1,0.977589252421494,0,1.59362454940461,1,17664.4456822982,1,0.999909791633443,0,0.0178571428571429,0,0,0.0357142857142857,0,1.44841336922134,NA,NA,NA,NA,0.694226626641621,0.891228444126338,NA
"Clec10a",1,0.977589252421494,0,1.59362454940461,1,17664.4456822982,1,0.999909791633443,0,0.0178571428571429,0,0,0.0357142857142857,0,1.44841336922134,NA,NA,NA,NA,0.694226626641621,0.891228444126338,NA
"Hic1",1,0.977589252421494,0,1.59362454940461,1,17664.4456822982,1,0.999909791633443,0,0.0178571428571429,0,0,0.0357142857142857,0,1.44841336922134,NA,NA,NA,NA,0.694226626641621,0.891228444126338,NA
"Abcc3",1,0.977589252421494,0,1.59362454940461,1,17664.4456822982,1,0.999909791633443,0,0.0178571428571429,0,0,0.0357142857142857,0,1.44841336922134,NA,NA,NA,NA,0.694226626641621,0.891228444126338,NA
"2810433D01Rik",1,0.977589252421494,0,1.59362454940461,1,17664.4456822982,1,0.999909791633443,0,0.0178571428571429,0,0,0.0357142857142857,0,1.44841336922134,NA,NA,NA,NA,0.694226626641621,0.891228444126338,NA
"Ace",1,0.977589252421494,0,1.59362454940461,1,17664.4456822982,1,0.999909791633443,0,0.0178571428571429,0,0,0.0357142857142857,0,1.44841336922134,NA,NA,NA,NA,0.694226626641621,0.891228444126338,NA
"Milr1",1,0.977589252421494,0,1.59362454940461,1,17664.4456822982,1,0.999909791633443,0,0.0178571428571429,0,0,0.0357142857142857,0,1.44841336922134,NA,NA,NA,NA,0.694226626641621,0.891228444126338,NA
"AF251705",1,0.977589252421494,0,1.59362454940461,1,17664.4456822982,1,0.999909791633443,0,0.0178571428571429,0,0,0.0357142857142857,0,1.44841336922134,NA,NA,NA,NA,0.694226626641621,0.891228444126338,NA
"Smim5",1,0.977589252421494,0,1.59362454940461,1,17664.4456822982,1,0.999909791633443,0,0.0178571428571429,0,0,0.0357142857142857,0,1.44841336922134,NA,NA,NA,NA,0.694226626641621,0.891228444126338,NA
"Cbr2",1,0.977589252421494,0,1.59362454940461,1,17664.4456822982,1,0.999909791633443,0,0.0178571428571429,0,0,0.0357142857142857,0,1.44841336922134,NA,NA,NA,NA,0.694226626641621,0.891228444126338,NA
"Slc17a3",1,0.977589252421494,0,1.59362454940461,1,17664.4456822982,1,0.999909791633443,0,0.0178571428571429,0,0,0.0357142857142857,0,1.44841336922134,NA,NA,NA,NA,0.694226626641621,0.891228444126338,NA
"Foxq1",1,0.977589252421494,0,1.59362454940461,1,17664.4456822982,1,0.999909791633443,0,0.0178571428571429,0,0,0.0357142857142857,0,1.44841336922134,NA,NA,NA,NA,0.694226626641621,0.891228444126338,NA
"Susd3",1,0.977589252421494,0,1.59362454940461,1,17664.4456822982,1,0.999909791633443,0,0.0178571428571429,0,0,0.0357142857142857,0,1.44841336922134,NA,NA,NA,NA,0.694226626641621,0.891228444126338,NA
"Ogn",1,0.977589252421494,0,1.59362454940461,1,17664.4456822982,1,0.999909791633443,0,0.0178571428571429,0,0,0.0357142857142857,0,1.44841336922134,NA,NA,NA,NA,0.694226626641621,0.891228444126338,NA
"Msx2",1,0.977589252421494,0,1.59362454940461,1,17664.4456822982,1,0.999909791633443,0,0.0178571428571429,0,0,0.0357142857142857,0,1.44841336922134,NA,NA,NA,NA,0.694226626641621,0.891228444126338,NA
"Slc6a18",1,0.977589252421494,0,1.59362454940461,1,17664.4456822982,1,0.999909791633443,0,0.0178571428571429,0,0,0.0357142857142857,0,1.44841336922134,NA,NA,NA,NA,0.694226626641621,0.891228444126338,NA
"Naip5",1,0.977589252421494,0,1.59362454940461,1,17664.4456822982,1,0.999909791633443,0,0.0178571428571429,0,0,0.0357142857142857,0,1.44841336922134,NA,NA,NA,NA,0.694226626641621,0.891228444126338,NA
"Nrxn3",1,0.977589252421494,0,1.59362454940461,1,17664.4456822982,1,0.999909791633443,0,0.0178571428571429,0,0,0.0357142857142857,0,1.44841336922134,NA,NA,NA,NA,0.694226626641621,0.891228444126338,NA
"Serpina6",1,0.977589252421494,0,1.59362454940461,1,17664.4456822982,1,0.999909791633443,0,0.0178571428571429,0,0,0.0357142857142857,0,1.44841336922134,NA,NA,NA,NA,0.694226626641621,0.891228444126338,NA
"Serpina3g",1,0.977589252421494,0,1.59362454940461,1,17664.4456822982,1,0.999909791633443,0,0.0178571428571429,0,0,0.0357142857142857,0,1.44841336922134,NA,NA,NA,NA,0.694226626641621,0.891228444126338,NA
"Ankrd33b",1,0.977589252421494,0,1.59362454940461,1,17664.4456822982,1,0.999909791633443,0,0.0178571428571429,0,0,0.0357142857142857,0,1.44841336922134,NA,NA,NA,NA,0.694226626641621,0.891228444126338,NA
"Snx31",1,0.977589252421494,0,1.59362454940461,1,17664.4456822982,1,0.999909791633443,0,0.0178571428571429,0,0,0.0357142857142857,0,1.44841336922134,NA,NA,NA,NA,0.694226626641621,0.891228444126338,NA
"Ly6c2",1,0.977589252421494,0,1.59362454940461,1,17664.4456822982,1,0.999909791633443,0,0.0178571428571429,0,0,0.0357142857142857,0,1.44841336922134,NA,NA,NA,NA,0.694226626641621,0.891228444126338,NA
"BC025446",1,0.977589252421494,0,1.59362454940461,1,17664.4456822982,1,0.999909791633443,0,0.0178571428571429,0,0,0.0357142857142857,0,1.44841336922134,NA,NA,NA,NA,0.694226626641621,0.891228444126338,NA
"Gpihbp1",1,0.977589252421494,0,1.59362454940461,1,17664.4456822982,1,0.999909791633443,0,0.0178571428571429,0,0,0.0357142857142857,0,1.44841336922134,NA,NA,NA,NA,0.694226626641621,0.891228444126338,NA
"Gsdmd",1,0.977589252421494,0,1.59362454940461,1,17664.4456822982,1,0.999909791633443,0,0.0178571428571429,0,0,0.0357142857142857,0,1.44841336922134,NA,NA,NA,NA,0.694226626641621,0.891228444126338,NA
"Cyp2d26",1,0.977589252421494,0,1.59362454940461,1,17664.4456822982,1,0.999909791633443,0,0.0178571428571429,0,0,0.0357142857142857,0,1.44841336922134,NA,NA,NA,NA,0.694226626641621,0.891228444126338,NA
"Nfam1",1,0.977589252421494,0,1.59362454940461,1,17664.4456822982,1,0.999909791633443,0,0.0178571428571429,0,0,0.0357142857142857,0,1.44841336922134,NA,NA,NA,NA,0.694226626641621,0.891228444126338,NA
"Acvrl1",1,0.977589252421494,0,1.59362454940461,1,17664.4456822982,1,0.999909791633443,0,0.0178571428571429,0,0,0.0357142857142857,0,1.44841336922134,NA,NA,NA,NA,0.694226626641621,0.891228444126338,NA
"1700116B05Rik",1,0.977589252421494,0,1.59362454940461,1,17664.4456822982,1,0.999909791633443,0,0.0178571428571429,0,0,0.0357142857142857,0,1.44841336922134,NA,NA,NA,NA,0.694226626641621,0.891228444126338,NA
"Cldn8",1,0.977589252421494,0,1.59362454940461,1,17664.4456822982,1,0.999909791633443,0,0.0178571428571429,0,0,0.0357142857142857,0,1.44841336922134,NA,NA,NA,NA,0.694226626641621,0.891228444126338,NA
"Kcnj15",1,0.977589252421494,0,1.59362454940461,1,17664.4456822982,1,0.999909791633443,0,0.0178571428571429,0,0,0.0357142857142857,0,1.44841336922134,NA,NA,NA,NA,0.694226626641621,0.891228444126338,NA
"Erg",1,0.977589252421494,0,1.59362454940461,1,17664.4456822982,1,0.999909791633443,0,0.0178571428571429,0,0,0.0357142857142857,0,1.44841336922134,NA,NA,NA,NA,0.694226626641621,0.891228444126338,NA
"Thbs2",1,0.977589252421494,0,1.59362454940461,1,17664.4456822982,1,0.999909791633443,0,0.0178571428571429,0,0,0.0357142857142857,0,1.44841336922134,NA,NA,NA,NA,0.694226626641621,0.891228444126338,NA
"Fgd2",1,0.977589252421494,0,1.59362454940461,1,17664.4456822982,1,0.999909791633443,0,0.0178571428571429,0,0,0.0357142857142857,0,1.44841336922134,NA,NA,NA,NA,0.694226626641621,0.891228444126338,NA
"C2",1,0.977589252421494,0,1.59362454940461,1,17664.4456822982,1,0.999909791633443,0,0.0178571428571429,0,0,0.0357142857142857,0,1.44841336922134,NA,NA,NA,NA,0.694226626641621,0.891228444126338,NA
"Adgre1",1,0.977589252421494,0,1.59362454940461,1,17664.4456822982,1,0.999909791633443,0,0.0178571428571429,0,0,0.0357142857142857,0,1.44841336922134,NA,NA,NA,NA,0.694226626641621,0.891228444126338,NA
"Ecscr",1,0.977589252421494,0,1.59362454940461,1,17664.4456822982,1,0.999909791633443,0,0.0178571428571429,0,0,0.0357142857142857,0,1.44841336922134,NA,NA,NA,NA,0.694226626641621,0.891228444126338,NA
"Pcdh12",1,0.977589252421494,0,1.59362454940461,1,17664.4456822982,1,0.999909791633443,0,0.0178571428571429,0,0,0.0357142857142857,0,1.44841336922134,NA,NA,NA,NA,0.694226626641621,0.891228444126338,NA
"Slc15a3",1,0.977589252421494,0,1.59362454940461,1,17664.4456822982,1,0.999909791633443,0,0.0178571428571429,0,0,0.0357142857142857,0,1.44841336922134,NA,NA,NA,NA,0.694226626641621,0.891228444126338,NA
"Glyat",1,0.977589252421494,0,1.59362454940461,1,17664.4456822982,1,0.999909791633443,0,0.0178571428571429,0,0,0.0357142857142857,0,1.44841336922134,NA,NA,NA,NA,0.694226626641621,0.891228444126338,NA
"Entpd1",1,0.977589252421494,0,1.59362454940461,1,17664.4456822982,1,0.999909791633443,0,0.0178571428571429,0,0,0.0357142857142857,0,1.44841336922134,NA,NA,NA,NA,0.694226626641621,0.891228444126338,NA
"Sfrp5",1,0.977589252421494,0,1.59362454940461,1,17664.4456822982,1,0.999909791633443,0,0.0178571428571429,0,0,0.0357142857142857,0,1.44841336922134,NA,NA,NA,NA,0.694226626641621,0.891228444126338,NA
"Fcer1g",0.863438910652472,0.767255762716774,1.3652546485038,1.45776334455,10213.6853955933,18523.4079957693,0.99986634871473,0.999921307751241,0.11864406779661,0.178571428571429,0.664406779661017,0.186440677966102,0.339285714285714,0.549509366636931,1.4441547681367,NA,NA,NA,NA,0.695218022639923,0.891228444126338,NA
"Gchfr",1,2.16001639034695e-13,0,0.0178571424349252,1,13409.1220825549,1,0.999998668285773,0,0.0178571428571429,0,0,0.0178571428571429,0,1.43916011736757,NA,NA,NA,NA,0.696381597148607,0.891228444126338,NA
"Clec12a",1,2.16001639034695e-13,0,0.0178571424349252,1,13409.1220825549,1,0.999998668285773,0,0.0178571428571429,0,0,0.0178571428571429,0,1.43916011736757,NA,NA,NA,NA,0.696381597148607,0.891228444126338,NA
"Ptpro",1,2.16001639034695e-13,0,0.0178571424349252,1,13409.1220825549,1,0.999998668285773,0,0.0178571428571429,0,0,0.0178571428571429,0,1.43916011736757,NA,NA,NA,NA,0.696381597148607,0.891228444126338,NA
"Ifitm6",1,2.16001639034695e-13,0,0.0178571424349252,1,13409.1220825549,1,0.999998668285773,0,0.0178571428571429,0,0,0.0178571428571429,0,1.43916011736757,NA,NA,NA,NA,0.696381597148607,0.891228444126338,NA
"Hist1h1c",0.666457990831499,0.782776588621482,1.67691624691558,1.7263369585301,14342.3023556151,18516.9618801814,0.999883092674973,0.999906778658494,0.389830508474576,0.196428571428571,1.98459167950693,0.559322033898305,0.375,1.49152542372881,1.42663517610512,NA,NA,NA,NA,0.699303346466426,0.891228444126338,NA
"Gm12840",0.978728817498051,0.941271093009128,1.59362431512217,2.43248429116122,15920.2853760251,15219.4977360096,0.99989990978357,0.999840198696489,0.0169491525423729,0.0892857142857143,0.189830508474576,0.0338983050847458,0.142857142857143,0.23728813559322,1.39367454925763,NA,NA,NA,NA,0.707018119747853,0.891228444126338,NA
"Rhoj",0.729849493303743,0.920723796820025,0.376437964688791,1.12626119920375,17611.8219038519,16915.0157802247,0.99997862629313,0.999933420918526,0.0847457627118644,0.0535714285714286,1.5819209039548,0.101694915254237,0.0892857142857143,1.13898305084746,1.3850950766077,NA,NA,NA,NA,0.709032217459503,0.891228444126338,NA
"Rab27b",0.867993411801254,0.938286855925688,1.02717018518171,2.02550181232652,16046.5363113795,11064.2442511085,0.999935992140716,0.999816966163165,0.101694915254237,0.0714285714285714,1.42372881355932,0.135593220338983,0.125,1.08474576271186,1.37598973145306,NA,NA,NA,NA,0.711172396049932,0.891228444126338,NA
"Sirpa",0.777404744046786,0.865535579812763,0.761433682392293,1.59362412598136,10158.8740607822,11466.5624466682,0.999925053051086,0.999861039201408,0.11864406779661,0.125,0.949152542372881,0.169491525423729,0.214285714285714,0.790960451977401,1.3722652975199,NA,NA,NA,NA,0.712048581018191,0.891228444126338,NA
"Macrod2",0.483455525803484,0.610220012390729,1.27969029312832,1.74091021532988,13278.6439276589,16462.6760694644,0.999903637224886,0.999894262261611,0.525423728813559,0.357142857142857,1.47118644067797,0.661016949152542,0.678571428571429,0.974130240856378,1.36718296628925,NA,NA,NA,NA,0.713244929363349,0.891228444126338,NA
"Bmper",0.924754816706831,0.85612330253061,1.12626076083587,1.36525403510275,17678.367617983,12950.3233840104,0.999936295644629,0.999894588723273,0.0508474576271186,0.107142857142857,0.474576271186441,0.0847457627118644,0.196428571428571,0.431432973805855,1.34417543592478,NA,NA,NA,NA,0.718670858242661,0.891228444126338,NA
"Flt1",0.982931759721478,1,4.96511423142557,0,18380.7373726625,1,0.999729946993597,1,0.0677966101694915,0,Inf,0.0847457627118644,0,Inf,1.34314133859485,NA,NA,NA,NA,0.718915113657163,0.891228444126338,NA
"Gsta3",0.978728817498051,1,1.59362431512217,0,15920.2853760251,1,0.99989990978357,1,0.0338983050847458,0,Inf,0.0338983050847458,0,Inf,1.34311583587568,NA,NA,NA,NA,0.718921137847481,0.891228444126338,NA
"Col4a4",0.978728817498051,1,1.59362431512217,0,15920.2853760251,1,0.99989990978357,1,0.0169491525423729,0,Inf,0.0338983050847458,0,Inf,1.34311583587568,NA,NA,NA,NA,0.718921137847481,0.891228444126338,NA
"Chil1",0.978728817498051,1,1.59362431512217,0,15920.2853760251,1,0.99989990978357,1,0.0169491525423729,0,Inf,0.0338983050847458,0,Inf,1.34311583587568,NA,NA,NA,NA,0.718921137847481,0.891228444126338,NA
"Olfml2b",0.978728817498051,1,1.59362431512217,0,15920.2853760251,1,0.99989990978357,1,0.0169491525423729,0,Inf,0.0338983050847458,0,Inf,1.34311583587568,NA,NA,NA,NA,0.718921137847481,0.891228444126338,NA
"Mpz",0.978728817498051,1,1.59362431512217,0,15920.2853760251,1,0.99989990978357,1,0.0169491525423729,0,Inf,0.0338983050847458,0,Inf,1.34311583587568,NA,NA,NA,NA,0.718921137847481,0.891228444126338,NA
"Them7",0.978728817498051,1,1.59362431512217,0,15920.2853760251,1,0.99989990978357,1,0.0169491525423729,0,Inf,0.0338983050847458,0,Inf,1.34311583587568,NA,NA,NA,NA,0.718921137847481,0.891228444126338,NA
"Adam33",0.978728817498051,1,1.59362431512217,0,15920.2853760251,1,0.99989990978357,1,0.0169491525423729,0,Inf,0.0338983050847458,0,Inf,1.34311583587568,NA,NA,NA,NA,0.718921137847481,0.891228444126338,NA
"Sptlc3",0.978728817498051,1,1.59362431512217,0,15920.2853760251,1,0.99989990978357,1,0.0169491525423729,0,Inf,0.0338983050847458,0,Inf,1.34311583587568,NA,NA,NA,NA,0.718921137847481,0.891228444126338,NA
"Thbd",0.978728817498051,1,1.59362431512217,0,15920.2853760251,1,0.99989990978357,1,0.0169491525423729,0,Inf,0.0338983050847458,0,Inf,1.34311583587568,NA,NA,NA,NA,0.718921137847481,0.891228444126338,NA
"Pck1",0.978728817498051,1,1.59362431512217,0,15920.2853760251,1,0.99989990978357,1,0.0169491525423729,0,Inf,0.0338983050847458,0,Inf,1.34311583587568,NA,NA,NA,NA,0.718921137847481,0.891228444126338,NA
"P2ry12",0.978728817498051,1,1.59362431512217,0,15920.2853760251,1,0.99989990978357,1,0.0169491525423729,0,Inf,0.0338983050847458,0,Inf,1.34311583587568,NA,NA,NA,NA,0.718921137847481,0.891228444126338,NA
"Ptx3",0.978728817498051,1,1.59362431512217,0,15920.2853760251,1,0.99989990978357,1,0.0169491525423729,0,Inf,0.0338983050847458,0,Inf,1.34311583587568,NA,NA,NA,NA,0.718921137847481,0.891228444126338,NA
"Ccl21a",0.978728817498051,1,1.59362431512217,0,15920.2853760251,1,0.99989990978357,1,0.0169491525423729,0,Inf,0.0338983050847458,0,Inf,1.34311583587568,NA,NA,NA,NA,0.718921137847481,0.891228444126338,NA
"Tek",0.978728817498051,1,1.59362431512217,0,15920.2853760251,1,0.99989990978357,1,0.0169491525423729,0,Inf,0.0338983050847458,0,Inf,1.34311583587568,NA,NA,NA,NA,0.718921137847481,0.891228444126338,NA
"Cyp4a31",0.978728817498051,1,1.59362431512217,0,15920.2853760251,1,0.99989990978357,1,0.0169491525423729,0,Inf,0.0338983050847458,0,Inf,1.34311583587568,NA,NA,NA,NA,0.718921137847481,0.891228444126338,NA
"Tie1",0.978728817498051,1,1.59362431512217,0,15920.2853760251,1,0.99989990978357,1,0.0169491525423729,0,Inf,0.0338983050847458,0,Inf,1.34311583587568,NA,NA,NA,NA,0.718921137847481,0.891228444126338,NA
"Cldn19",0.978728817498051,1,1.59362431512217,0,15920.2853760251,1,0.99989990978357,1,0.0169491525423729,0,Inf,0.0338983050847458,0,Inf,1.34311583587568,NA,NA,NA,NA,0.718921137847481,0.891228444126338,NA
"Col9a2",0.978728817498051,1,1.59362431512217,0,15920.2853760251,1,0.99989990978357,1,0.0169491525423729,0,Inf,0.0338983050847458,0,Inf,1.34311583587568,NA,NA,NA,NA,0.718921137847481,0.891228444126338,NA
"Gja4",0.978728817498051,1,1.59362431512217,0,15920.2853760251,1,0.99989990978357,1,0.0169491525423729,0,Inf,0.0338983050847458,0,Inf,1.34311583587568,NA,NA,NA,NA,0.718921137847481,0.891228444126338,NA
"Zbtb8b",0.978728817498051,1,1.59362431512217,0,15920.2853760251,1,0.99989990978357,1,0.0169491525423729,0,Inf,0.0338983050847458,0,Inf,1.34311583587568,NA,NA,NA,NA,0.718921137847481,0.891228444126338,NA
"Clcnka",0.978728817498051,1,1.59362431512217,0,15920.2853760251,1,0.99989990978357,1,0.0169491525423729,0,Inf,0.0338983050847458,0,Inf,1.34311583587568,NA,NA,NA,NA,0.718921137847481,0.891228444126338,NA
"Rhoh",0.978728817498051,1,1.59362431512217,0,15920.2853760251,1,0.99989990978357,1,0.0338983050847458,0,Inf,0.0338983050847458,0,Inf,1.34311583587568,NA,NA,NA,NA,0.718921137847481,0.891228444126338,NA
"Selplg",0.978728817498051,1,1.59362431512217,0,15920.2853760251,1,0.99989990978357,1,0.0169491525423729,0,Inf,0.0338983050847458,0,Inf,1.34311583587568,NA,NA,NA,NA,0.718921137847481,0.891228444126338,NA
"Gimap1",0.978728817498051,1,1.59362431512217,0,15920.2853760251,1,0.99989990978357,1,0.0169491525423729,0,Inf,0.0338983050847458,0,Inf,1.34311583587568,NA,NA,NA,NA,0.718921137847481,0.891228444126338,NA
"Lrrtm1",0.978728817498051,1,1.59362431512217,0,15920.2853760251,1,0.99989990978357,1,0.0169491525423729,0,Inf,0.0338983050847458,0,Inf,1.34311583587568,NA,NA,NA,NA,0.718921137847481,0.891228444126338,NA
"Aldh1l1",0.978728817498051,1,1.59362431512217,0,15920.2853760251,1,0.99989990978357,1,0.0169491525423729,0,Inf,0.0338983050847458,0,Inf,1.34311583587568,NA,NA,NA,NA,0.718921137847481,0.891228444126338,NA
"Tmem72",0.978728817498051,1,1.59362431512217,0,15920.2853760251,1,0.99989990978357,1,0.0169491525423729,0,Inf,0.0338983050847458,0,Inf,1.34311583587568,NA,NA,NA,NA,0.718921137847481,0.891228444126338,NA
"Clec4a3",0.978728817498051,1,1.59362431512217,0,15920.2853760251,1,0.99989990978357,1,0.0169491525423729,0,Inf,0.0338983050847458,0,Inf,1.34311583587568,NA,NA,NA,NA,0.718921137847481,0.891228444126338,NA
"Clec4a2",0.978728817498051,1,1.59362431512217,0,15920.2853760251,1,0.99989990978357,1,0.0169491525423729,0,Inf,0.0338983050847458,0,Inf,1.34311583587568,NA,NA,NA,NA,0.718921137847481,0.891228444126338,NA
"Clec4n",0.978728817498051,1,1.59362431512217,0,15920.2853760251,1,0.99989990978357,1,0.0169491525423729,0,Inf,0.0338983050847458,0,Inf,1.34311583587568,NA,NA,NA,NA,0.718921137847481,0.891228444126338,NA
"Slco1a6",0.978728817498051,1,1.59362431512217,0,15920.2853760251,1,0.99989990978357,1,0.0169491525423729,0,Inf,0.0338983050847458,0,Inf,1.34311583587568,NA,NA,NA,NA,0.718921137847481,0.891228444126338,NA
"Hcst",0.978728817498051,1,1.59362431512217,0,15920.2853760251,1,0.99989990978357,1,0.0169491525423729,0,Inf,0.0338983050847458,0,Inf,1.34311583587568,NA,NA,NA,NA,0.718921137847481,0.891228444126338,NA
"Slc7a10",0.978728817498051,1,1.59362431512217,0,15920.2853760251,1,0.99989990978357,1,0.0169491525423729,0,Inf,0.0338983050847458,0,Inf,1.34311583587568,NA,NA,NA,NA,0.718921137847481,0.891228444126338,NA
"Cd33",0.978728817498051,1,1.59362431512217,0,15920.2853760251,1,0.99989990978357,1,0.0169491525423729,0,Inf,0.0338983050847458,0,Inf,1.34311583587568,NA,NA,NA,NA,0.718921137847481,0.891228444126338,NA
"Gm4070",0.978728817498051,1,1.59362431512217,0,15920.2853760251,1,0.99989990978357,1,0.0169491525423729,0,Inf,0.0338983050847458,0,Inf,1.34311583587568,NA,NA,NA,NA,0.718921137847481,0.891228444126338,NA
"Lat",0.978728817498051,1,1.59362431512217,0,15920.2853760251,1,0.99989990978357,1,0.0169491525423729,0,Inf,0.0338983050847458,0,Inf,1.34311583587568,NA,NA,NA,NA,0.718921137847481,0.891228444126338,NA
"Clrn3",0.978728817498051,1,1.59362431512217,0,15920.2853760251,1,0.99989990978357,1,0.0169491525423729,0,Inf,0.0338983050847458,0,Inf,1.34311583587568,NA,NA,NA,NA,0.718921137847481,0.891228444126338,NA
"Cdhr5",0.978728817498051,1,1.59362431512217,0,15920.2853760251,1,0.99989990978357,1,0.0169491525423729,0,Inf,0.0338983050847458,0,Inf,1.34311583587568,NA,NA,NA,NA,0.718921137847481,0.891228444126338,NA
"Fabp7",0.978728817498051,1,1.59362431512217,0,15920.2853760251,1,0.99989990978357,1,0.0169491525423729,0,Inf,0.0338983050847458,0,Inf,1.34311583587568,NA,NA,NA,NA,0.718921137847481,0.891228444126338,NA
"Tbxa2r",0.978728817498051,1,1.59362431512217,0,15920.2853760251,1,0.99989990978357,1,0.0169491525423729,0,Inf,0.0338983050847458,0,Inf,1.34311583587568,NA,NA,NA,NA,0.718921137847481,0.891228444126338,NA
"Gypa",0.978728817498051,1,1.59362431512217,0,15920.2853760251,1,0.99989990978357,1,0.0169491525423729,0,Inf,0.0338983050847458,0,Inf,1.34311583587568,NA,NA,NA,NA,0.718921137847481,0.891228444126338,NA
"Snx20",0.978728817498051,1,1.59362431512217,0,15920.2853760251,1,0.99989990978357,1,0.0169491525423729,0,Inf,0.0338983050847458,0,Inf,1.34311583587568,NA,NA,NA,NA,0.718921137847481,0.891228444126338,NA
"Stab1",0.978728817498051,1,1.59362431512217,0,15920.2853760251,1,0.99989990978357,1,0.0169491525423729,0,Inf,0.0338983050847458,0,Inf,1.34311583587568,NA,NA,NA,NA,0.718921137847481,0.891228444126338,NA
"Sncg",0.978728817498051,1,1.59362431512217,0,15920.2853760251,1,0.99989990978357,1,0.0169491525423729,0,Inf,0.0338983050847458,0,Inf,1.34311583587568,NA,NA,NA,NA,0.718921137847481,0.891228444126338,NA
"Pcdh9",0.978728817498051,1,1.59362431512217,0,15920.2853760251,1,0.99989990978357,1,0.0169491525423729,0,Inf,0.0338983050847458,0,Inf,1.34311583587568,NA,NA,NA,NA,0.718921137847481,0.891228444126338,NA
"Rec114",0.978728817498051,1,1.59362431512217,0,15920.2853760251,1,0.99989990978357,1,0.0169491525423729,0,Inf,0.0338983050847458,0,Inf,1.34311583587568,NA,NA,NA,NA,0.718921137847481,0.891228444126338,NA
"Tinag",0.978728817498051,1,1.59362431512217,0,15920.2853760251,1,0.99989990978357,1,0.0169491525423729,0,Inf,0.0338983050847458,0,Inf,1.34311583587568,NA,NA,NA,NA,0.718921137847481,0.891228444126338,NA
"Rbp2",0.978728817498051,1,1.59362431512217,0,15920.2853760251,1,0.99989990978357,1,0.0169491525423729,0,Inf,0.0338983050847458,0,Inf,1.34311583587568,NA,NA,NA,NA,0.718921137847481,0.891228444126338,NA
"Osm",0.978728817498051,1,1.59362431512217,0,15920.2853760251,1,0.99989990978357,1,0.0169491525423729,0,Inf,0.0338983050847458,0,Inf,1.34311583587568,NA,NA,NA,NA,0.718921137847481,0.891228444126338,NA
"Efemp1",0.978728817498051,1,1.59362431512217,0,15920.2853760251,1,0.99989990978357,1,0.0169491525423729,0,Inf,0.0338983050847458,0,Inf,1.34311583587568,NA,NA,NA,NA,0.718921137847481,0.891228444126338,NA
"Wnt9a",0.978728817498051,1,1.59362431512217,0,15920.2853760251,1,0.99989990978357,1,0.0169491525423729,0,Inf,0.0338983050847458,0,Inf,1.34311583587568,NA,NA,NA,NA,0.718921137847481,0.891228444126338,NA
"Slc5a10",0.978728817498051,1,1.59362431512217,0,15920.2853760251,1,0.99989990978357,1,0.0169491525423729,0,Inf,0.0338983050847458,0,Inf,1.34311583587568,NA,NA,NA,NA,0.718921137847481,0.891228444126338,NA
"Aspa",0.978728817498051,1,1.59362431512217,0,15920.2853760251,1,0.99989990978357,1,0.0169491525423729,0,Inf,0.0338983050847458,0,Inf,1.34311583587568,NA,NA,NA,NA,0.718921137847481,0.891228444126338,NA
"Ccl12",0.978728817498051,1,1.59362431512217,0,15920.2853760251,1,0.99989990978357,1,0.0169491525423729,0,Inf,0.0338983050847458,0,Inf,1.34311583587568,NA,NA,NA,NA,0.718921137847481,0.891228444126338,NA
"Ccl4",0.978728817498051,1,1.59362431512217,0,15920.2853760251,1,0.99989990978357,1,0.0169491525423729,0,Inf,0.0338983050847458,0,Inf,1.34311583587568,NA,NA,NA,NA,0.718921137847481,0.891228444126338,NA
"Cmah",0.978728817498051,1,1.59362431512217,0,15920.2853760251,1,0.99989990978357,1,0.0169491525423729,0,Inf,0.0338983050847458,0,Inf,1.34311583587568,NA,NA,NA,NA,0.718921137847481,0.891228444126338,NA
"F13a1",0.978728817498051,1,1.59362431512217,0,15920.2853760251,1,0.99989990978357,1,0.0169491525423729,0,Inf,0.0338983050847458,0,Inf,1.34311583587568,NA,NA,NA,NA,0.718921137847481,0.891228444126338,NA
"Dok3",0.978728817498051,1,1.59362431512217,0,15920.2853760251,1,0.99989990978357,1,0.0169491525423729,0,Inf,0.0338983050847458,0,Inf,1.34311583587568,NA,NA,NA,NA,0.718921137847481,0.891228444126338,NA
"Esm1",0.978728817498051,1,1.59362431512217,0,15920.2853760251,1,0.99989990978357,1,0.0169491525423729,0,Inf,0.0338983050847458,0,Inf,1.34311583587568,NA,NA,NA,NA,0.718921137847481,0.891228444126338,NA
"Egln3",0.978728817498051,1,1.59362431512217,0,15920.2853760251,1,0.99989990978357,1,0.0169491525423729,0,Inf,0.0338983050847458,0,Inf,1.34311583587568,NA,NA,NA,NA,0.718921137847481,0.891228444126338,NA
"Cdkl1",0.978728817498051,1,1.59362431512217,0,15920.2853760251,1,0.99989990978357,1,0.0169491525423729,0,Inf,0.0338983050847458,0,Inf,1.34311583587568,NA,NA,NA,NA,0.718921137847481,0.891228444126338,NA
"Prlr",0.978728817498051,1,1.59362431512217,0,15920.2853760251,1,0.99989990978357,1,0.0169491525423729,0,Inf,0.0338983050847458,0,Inf,1.34311583587568,NA,NA,NA,NA,0.718921137847481,0.891228444126338,NA
"Gm16136",0.978728817498051,1,1.59362431512217,0,15920.2853760251,1,0.99989990978357,1,0.0169491525423729,0,Inf,0.0338983050847458,0,Inf,1.34311583587568,NA,NA,NA,NA,0.718921137847481,0.891228444126338,NA
"Rac2",0.978728817498051,1,1.59362431512217,0,15920.2853760251,1,0.99989990978357,1,0.0169491525423729,0,Inf,0.0338983050847458,0,Inf,1.34311583587568,NA,NA,NA,NA,0.718921137847481,0.891228444126338,NA
"Gm5483",0.978728817498051,1,1.59362431512217,0,15920.2853760251,1,0.99989990978357,1,0.0169491525423729,0,Inf,0.0338983050847458,0,Inf,1.34311583587568,NA,NA,NA,NA,0.718921137847481,0.891228444126338,NA
"BC100530",0.978728817498051,1,1.59362431512217,0,15920.2853760251,1,0.99989990978357,1,0.0169491525423729,0,Inf,0.0338983050847458,0,Inf,1.34311583587568,NA,NA,NA,NA,0.718921137847481,0.891228444126338,NA
"Hgd",0.978728817498051,1,1.59362431512217,0,15920.2853760251,1,0.99989990978357,1,0.0169491525423729,0,Inf,0.0338983050847458,0,Inf,1.34311583587568,NA,NA,NA,NA,0.718921137847481,0.891228444126338,NA
"Psmb9",0.978728817498051,1,1.59362431512217,0,15920.2853760251,1,0.99989990978357,1,0.0169491525423729,0,Inf,0.0338983050847458,0,Inf,1.34311583587568,NA,NA,NA,NA,0.718921137847481,0.891228444126338,NA
"Qpct",0.978728817498051,1,1.59362431512217,0,15920.2853760251,1,0.99989990978357,1,0.0169491525423729,0,Inf,0.0338983050847458,0,Inf,1.34311583587568,NA,NA,NA,NA,0.718921137847481,0.891228444126338,NA
"Csf1r",0.978728817498051,1,1.59362431512217,0,15920.2853760251,1,0.99989990978357,1,0.0169491525423729,0,Inf,0.0338983050847458,0,Inf,1.34311583587568,NA,NA,NA,NA,0.718921137847481,0.891228444126338,NA
"Pmaip1",0.978728817498051,1,1.59362431512217,0,15920.2853760251,1,0.99989990978357,1,0.0169491525423729,0,Inf,0.0338983050847458,0,Inf,1.34311583587568,NA,NA,NA,NA,0.718921137847481,0.891228444126338,NA
"Ms4a4c",0.978728817498051,1,1.59362431512217,0,15920.2853760251,1,0.99989990978357,1,0.0169491525423729,0,Inf,0.0338983050847458,0,Inf,1.34311583587568,NA,NA,NA,NA,0.718921137847481,0.891228444126338,NA
"Lepr",0.981978185277739,1,2.82143937184934,0,13198.9831520707,1,0.999786283810497,1,0.0677966101694915,0,Inf,0.0508474576271186,0,Inf,1.34310303893973,NA,NA,NA,NA,0.718924160715972,0.891228444126338,NA
"Isg20",0.981978185277739,1,2.82143937184934,0,13198.9831520707,1,0.999786283810497,1,0.0338983050847458,0,Inf,0.0508474576271186,0,Inf,1.34310303893973,NA,NA,NA,NA,0.718924160715972,0.891228444126338,NA
"Hs3st2",0.981978185277739,1,2.82143937184934,0,13198.9831520707,1,0.999786283810497,1,0.0338983050847458,0,Inf,0.0508474576271186,0,Inf,1.34310303893973,NA,NA,NA,NA,0.718924160715972,0.891228444126338,NA
"Sh2d4a",0.981978185277739,1,2.82143937184934,0,13198.9831520707,1,0.999786283810497,1,0.0338983050847458,0,Inf,0.0508474576271186,0,Inf,1.34310303893973,NA,NA,NA,NA,0.718924160715972,0.891228444126338,NA
"AI662270",0.981978185277739,1,2.82143937184934,0,13198.9831520707,1,0.999786283810497,1,0.0338983050847458,0,Inf,0.0508474576271186,0,Inf,1.34310303893973,NA,NA,NA,NA,0.718924160715972,0.891228444126338,NA
"Tspo2",0.981978185277739,1,2.82143937184934,0,13198.9831520707,1,0.999786283810497,1,0.0338983050847458,0,Inf,0.0508474576271186,0,Inf,1.34310303893973,NA,NA,NA,NA,0.718924160715972,0.891228444126338,NA
"S100a9",0.834160788094273,0.932767804815503,0.715415949110372,1.59362426127945,18998.13638252,17359.7333913588,0.999962344253395,0.99990820838408,0.0847457627118644,0.0535714285714286,1.5819209039548,0.11864406779661,0.107142857142857,1.10734463276836,1.34005444729256,NA,NA,NA,NA,0.71964443388779,0.891228444126338,NA
"Khdrbs2",2.45932928663523e-13,1,0.0169491514263656,0,12488.0555038273,1,0.999998642772815,1,0.0169491525423729,0,Inf,0.0169491525423729,0,Inf,1.33478858551408,NA,NA,NA,NA,0.720889224056092,0.891228444126338,NA
"Tmeff2",2.45932928663523e-13,1,0.0169491514263656,0,12488.0555038273,1,0.999998642772815,1,0.0169491525423729,0,Inf,0.0169491525423729,0,Inf,1.33478858551408,NA,NA,NA,NA,0.720889224056092,0.891228444126338,NA
"Cxcr2",2.45932928663523e-13,1,0.0169491514263656,0,12488.0555038273,1,0.999998642772815,1,0.0169491525423729,0,Inf,0.0169491525423729,0,Inf,1.33478858551408,NA,NA,NA,NA,0.720889224056092,0.891228444126338,NA
"Ptgs2",2.45932928663523e-13,1,0.0169491514263656,0,12488.0555038273,1,0.999998642772815,1,0.0169491525423729,0,Inf,0.0169491525423729,0,Inf,1.33478858551408,NA,NA,NA,NA,0.720889224056092,0.891228444126338,NA
"AI607873",2.45932928663523e-13,1,0.0169491514263656,0,12488.0555038273,1,0.999998642772815,1,0.0169491525423729,0,Inf,0.0169491525423729,0,Inf,1.33478858551408,NA,NA,NA,NA,0.720889224056092,0.891228444126338,NA
"Rapsn",2.45932928663523e-13,1,0.0169491514263656,0,12488.0555038273,1,0.999998642772815,1,0.0169491525423729,0,Inf,0.0169491525423729,0,Inf,1.33478858551408,NA,NA,NA,NA,0.720889224056092,0.891228444126338,NA
"Dusp15",2.45932928663523e-13,1,0.0169491514263656,0,12488.0555038273,1,0.999998642772815,1,0.0169491525423729,0,Inf,0.0169491525423729,0,Inf,1.33478858551408,NA,NA,NA,NA,0.720889224056092,0.891228444126338,NA
"R3hdml",2.45932928663523e-13,1,0.0169491514263656,0,12488.0555038273,1,0.999998642772815,1,0.0169491525423729,0,Inf,0.0169491525423729,0,Inf,1.33478858551408,NA,NA,NA,NA,0.720889224056092,0.891228444126338,NA
"Hnf4a",2.45932928663523e-13,1,0.0169491514263656,0,12488.0555038273,1,0.999998642772815,1,0.0169491525423729,0,Inf,0.0169491525423729,0,Inf,1.33478858551408,NA,NA,NA,NA,0.720889224056092,0.891228444126338,NA
"Zbp1",2.45932928663523e-13,1,0.0169491514263656,0,12488.0555038273,1,0.999998642772815,1,0.0169491525423729,0,Inf,0.0169491525423729,0,Inf,1.33478858551408,NA,NA,NA,NA,0.720889224056092,0.891228444126338,NA
"Cfp",2.45932928663523e-13,1,0.0169491514263656,0,12488.0555038273,1,0.999998642772815,1,0.0169491525423729,0,Inf,0.0169491525423729,0,Inf,1.33478858551408,NA,NA,NA,NA,0.720889224056092,0.891228444126338,NA
"F630028O10Rik",2.45932928663523e-13,1,0.0169491514263656,0,12488.0555038273,1,0.999998642772815,1,0.0169491525423729,0,Inf,0.0169491525423729,0,Inf,1.33478858551408,NA,NA,NA,NA,0.720889224056092,0.891228444126338,NA
"Rarres1",2.45932928663523e-13,1,0.0169491514263656,0,12488.0555038273,1,0.999998642772815,1,0.0169491525423729,0,Inf,0.0169491525423729,0,Inf,1.33478858551408,NA,NA,NA,NA,0.720889224056092,0.891228444126338,NA
"Fam198b",2.45932928663523e-13,1,0.0169491514263656,0,12488.0555038273,1,0.999998642772815,1,0.0169491525423729,0,Inf,0.0169491525423729,0,Inf,1.33478858551408,NA,NA,NA,NA,0.720889224056092,0.891228444126338,NA
"Tlr2",2.45932928663523e-13,1,0.0169491514263656,0,12488.0555038273,1,0.999998642772815,1,0.0169491525423729,0,Inf,0.0169491525423729,0,Inf,1.33478858551408,NA,NA,NA,NA,0.720889224056092,0.891228444126338,NA
"Tnfaip8l2",2.45932928663523e-13,1,0.0169491514263656,0,12488.0555038273,1,0.999998642772815,1,0.0169491525423729,0,Inf,0.0169491525423729,0,Inf,1.33478858551408,NA,NA,NA,NA,0.720889224056092,0.891228444126338,NA
"Tspan2",2.45932928663523e-13,1,0.0169491514263656,0,12488.0555038273,1,0.999998642772815,1,0.0169491525423729,0,Inf,0.0169491525423729,0,Inf,1.33478858551408,NA,NA,NA,NA,0.720889224056092,0.891228444126338,NA
"Arhgap29",2.45932928663523e-13,1,0.0169491514263656,0,12488.0555038273,1,0.999998642772815,1,0.0169491525423729,0,Inf,0.0169491525423729,0,Inf,1.33478858551408,NA,NA,NA,NA,0.720889224056092,0.891228444126338,NA
"Ifi44",2.45932928663523e-13,1,0.0169491514263656,0,12488.0555038273,1,0.999998642772815,1,0.0169491525423729,0,Inf,0.0169491525423729,0,Inf,1.33478858551408,NA,NA,NA,NA,0.720889224056092,0.891228444126338,NA
"Slc7a13",2.45932928663523e-13,1,0.0169491514263656,0,12488.0555038273,1,0.999998642772815,1,0.0169491525423729,0,Inf,0.0169491525423729,0,Inf,1.33478858551408,NA,NA,NA,NA,0.720889224056092,0.891228444126338,NA
"Gjb5",2.45932928663523e-13,1,0.0169491514263656,0,12488.0555038273,1,0.999998642772815,1,0.0169491525423729,0,Inf,0.0169491525423729,0,Inf,1.33478858551408,NA,NA,NA,NA,0.720889224056092,0.891228444126338,NA
"Gm853",2.45932928663523e-13,1,0.0169491514263656,0,12488.0555038273,1,0.999998642772815,1,0.0169491525423729,0,Inf,0.0169491525423729,0,Inf,1.33478858551408,NA,NA,NA,NA,0.720889224056092,0.891228444126338,NA
"Grhl3",2.45932928663523e-13,1,0.0169491514263656,0,12488.0555038273,1,0.999998642772815,1,0.0169491525423729,0,Inf,0.0169491525423729,0,Inf,1.33478858551408,NA,NA,NA,NA,0.720889224056092,0.891228444126338,NA
"Nos3",2.45932928663523e-13,1,0.0169491514263656,0,12488.0555038273,1,0.999998642772815,1,0.0169491525423729,0,Inf,0.0169491525423729,0,Inf,1.33478858551408,NA,NA,NA,NA,0.720889224056092,0.891228444126338,NA
"Bst1",2.45932928663523e-13,1,0.0169491514263656,0,12488.0555038273,1,0.999998642772815,1,0.0169491525423729,0,Inf,0.0169491525423729,0,Inf,1.33478858551408,NA,NA,NA,NA,0.720889224056092,0.891228444126338,NA
"Stap1",2.45932928663523e-13,1,0.0169491514263656,0,12488.0555038273,1,0.999998642772815,1,0.0169491525423729,0,Inf,0.0169491525423729,0,Inf,1.33478858551408,NA,NA,NA,NA,0.720889224056092,0.891228444126338,NA
"Ugt2b34",2.45932928663523e-13,1,0.0169491514263656,0,12488.0555038273,1,0.999998642772815,1,0.0169491525423729,0,Inf,0.0169491525423729,0,Inf,1.33478858551408,NA,NA,NA,NA,0.720889224056092,0.891228444126338,NA
"Crybb1",2.45932928663523e-13,1,0.0169491514263656,0,12488.0555038273,1,0.999998642772815,1,0.0169491525423729,0,Inf,0.0169491525423729,0,Inf,1.33478858551408,NA,NA,NA,NA,0.720889224056092,0.891228444126338,NA
"Cav2",2.45932928663523e-13,1,0.0169491514263656,0,12488.0555038273,1,0.999998642772815,1,0.0169491525423729,0,Inf,0.0169491525423729,0,Inf,1.33478858551408,NA,NA,NA,NA,0.720889224056092,0.891228444126338,NA
"Wnt16",2.45932928663523e-13,1,0.0169491514263656,0,12488.0555038273,1,0.999998642772815,1,0.0169491525423729,0,Inf,0.0169491525423729,0,Inf,1.33478858551408,NA,NA,NA,NA,0.720889224056092,0.891228444126338,NA
"Gimap5",2.45932928663523e-13,1,0.0169491514263656,0,12488.0555038273,1,0.999998642772815,1,0.0169491525423729,0,Inf,0.0169491525423729,0,Inf,1.33478858551408,NA,NA,NA,NA,0.720889224056092,0.891228444126338,NA
"Syn2",2.45932928663523e-13,1,0.0169491514263656,0,12488.0555038273,1,0.999998642772815,1,0.0169491525423729,0,Inf,0.0169491525423729,0,Inf,1.33478858551408,NA,NA,NA,NA,0.720889224056092,0.891228444126338,NA
"Plbd1",2.45932928663523e-13,1,0.0169491514263656,0,12488.0555038273,1,0.999998642772815,1,0.0169491525423729,0,Inf,0.0169491525423729,0,Inf,1.33478858551408,NA,NA,NA,NA,0.720889224056092,0.891228444126338,NA
"Kcnj8",2.45932928663523e-13,1,0.0169491514263656,0,12488.0555038273,1,0.999998642772815,1,0.0169491525423729,0,Inf,0.0169491525423729,0,Inf,1.33478858551408,NA,NA,NA,NA,0.720889224056092,0.891228444126338,NA
"Abcc9",2.45932928663523e-13,1,0.0169491514263656,0,12488.0555038273,1,0.999998642772815,1,0.0169491525423729,0,Inf,0.0169491525423729,0,Inf,1.33478858551408,NA,NA,NA,NA,0.720889224056092,0.891228444126338,NA
"Pirb",2.45932928663523e-13,1,0.0169491514263656,0,12488.0555038273,1,0.999998642772815,1,0.0169491525423729,0,Inf,0.0169491525423729,0,Inf,1.33478858551408,NA,NA,NA,NA,0.720889224056092,0.891228444126338,NA
"Exoc3l2",2.45932928663523e-13,1,0.0169491514263656,0,12488.0555038273,1,0.999998642772815,1,0.0169491525423729,0,Inf,0.0169491525423729,0,Inf,1.33478858551408,NA,NA,NA,NA,0.720889224056092,0.891228444126338,NA
"Apoc1",2.45932928663523e-13,1,0.0169491514263656,0,12488.0555038273,1,0.999998642772815,1,0.0169491525423729,0,Inf,0.0169491525423729,0,Inf,1.33478858551408,NA,NA,NA,NA,0.720889224056092,0.891228444126338,NA
"Nfkbid",2.45932928663523e-13,1,0.0169491514263656,0,12488.0555038273,1,0.999998642772815,1,0.0169491525423729,0,Inf,0.0169491525423729,0,Inf,1.33478858551408,NA,NA,NA,NA,0.720889224056092,0.891228444126338,NA
"Prodh2",2.45932928663523e-13,1,0.0169491514263656,0,12488.0555038273,1,0.999998642772815,1,0.0169491525423729,0,Inf,0.0169491525423729,0,Inf,1.33478858551408,NA,NA,NA,NA,0.720889224056092,0.891228444126338,NA
"Tshz3",2.45932928663523e-13,1,0.0169491514263656,0,12488.0555038273,1,0.999998642772815,1,0.0169491525423729,0,Inf,0.0169491525423729,0,Inf,1.33478858551408,NA,NA,NA,NA,0.720889224056092,0.891228444126338,NA
"Slco2b1",2.45932928663523e-13,1,0.0169491514263656,0,12488.0555038273,1,0.999998642772815,1,0.0169491525423729,0,Inf,0.0169491525423729,0,Inf,1.33478858551408,NA,NA,NA,NA,0.720889224056092,0.891228444126338,NA
"Scnn1b",2.45932928663523e-13,1,0.0169491514263656,0,12488.0555038273,1,0.999998642772815,1,0.0169491525423729,0,Inf,0.0169491525423729,0,Inf,1.33478858551408,NA,NA,NA,NA,0.720889224056092,0.891228444126338,NA
"AI467606",2.45932928663523e-13,1,0.0169491514263656,0,12488.0555038273,1,0.999998642772815,1,0.0169491525423729,0,Inf,0.0169491525423729,0,Inf,1.33478858551408,NA,NA,NA,NA,0.720889224056092,0.891228444126338,NA
"Qprt",2.45932928663523e-13,1,0.0169491514263656,0,12488.0555038273,1,0.999998642772815,1,0.0169491525423729,0,Inf,0.0169491525423729,0,Inf,1.33478858551408,NA,NA,NA,NA,0.720889224056092,0.891228444126338,NA
"Itgam",2.45932928663523e-13,1,0.0169491514263656,0,12488.0555038273,1,0.999998642772815,1,0.0169491525423729,0,Inf,0.0169491525423729,0,Inf,1.33478858551408,NA,NA,NA,NA,0.720889224056092,0.891228444126338,NA
"Fgf3",2.45932928663523e-13,1,0.0169491514263656,0,12488.0555038273,1,0.999998642772815,1,0.0169491525423729,0,Inf,0.0169491525423729,0,Inf,1.33478858551408,NA,NA,NA,NA,0.720889224056092,0.891228444126338,NA
"Vsir",2.45932928663523e-13,1,0.0169491514263656,0,12488.0555038273,1,0.999998642772815,1,0.0169491525423729,0,Inf,0.0169491525423729,0,Inf,1.33478858551408,NA,NA,NA,NA,0.720889224056092,0.891228444126338,NA
"Adora2a",2.45932928663523e-13,1,0.0169491514263656,0,12488.0555038273,1,0.999998642772815,1,0.0169491525423729,0,Inf,0.0169491525423729,0,Inf,1.33478858551408,NA,NA,NA,NA,0.720889224056092,0.891228444126338,NA
"Nav3",2.45932928663523e-13,1,0.0169491514263656,0,12488.0555038273,1,0.999998642772815,1,0.0169491525423729,0,Inf,0.0169491525423729,0,Inf,1.33478858551408,NA,NA,NA,NA,0.720889224056092,0.891228444126338,NA
"Cyp4f18",2.45932928663523e-13,1,0.0169491514263656,0,12488.0555038273,1,0.999998642772815,1,0.0169491525423729,0,Inf,0.0169491525423729,0,Inf,1.33478858551408,NA,NA,NA,NA,0.720889224056092,0.891228444126338,NA
"Adgre5",2.45932928663523e-13,1,0.0169491514263656,0,12488.0555038273,1,0.999998642772815,1,0.0169491525423729,0,Inf,0.0169491525423729,0,Inf,1.33478858551408,NA,NA,NA,NA,0.720889224056092,0.891228444126338,NA
"Fitm1",2.45932928663523e-13,1,0.0169491514263656,0,12488.0555038273,1,0.999998642772815,1,0.0169491525423729,0,Inf,0.0169491525423729,0,Inf,1.33478858551408,NA,NA,NA,NA,0.720889224056092,0.891228444126338,NA
"Epsti1",2.45932928663523e-13,1,0.0169491514263656,0,12488.0555038273,1,0.999998642772815,1,0.0169491525423729,0,Inf,0.0169491525423729,0,Inf,1.33478858551408,NA,NA,NA,NA,0.720889224056092,0.891228444126338,NA
"Gria4",2.45932928663523e-13,1,0.0169491514263656,0,12488.0555038273,1,0.999998642772815,1,0.0169491525423729,0,Inf,0.0169491525423729,0,Inf,1.33478858551408,NA,NA,NA,NA,0.720889224056092,0.891228444126338,NA
"AB124611",2.45932928663523e-13,1,0.0169491514263656,0,12488.0555038273,1,0.999998642772815,1,0.0169491525423729,0,Inf,0.0169491525423729,0,Inf,1.33478858551408,NA,NA,NA,NA,0.720889224056092,0.891228444126338,NA
"Tmem45b",2.45932928663523e-13,1,0.0169491514263656,0,12488.0555038273,1,0.999998642772815,1,0.0169491525423729,0,Inf,0.0169491525423729,0,Inf,1.33478858551408,NA,NA,NA,NA,0.720889224056092,0.891228444126338,NA
"Amica1",2.45932928663523e-13,1,0.0169491514263656,0,12488.0555038273,1,0.999998642772815,1,0.0169491525423729,0,Inf,0.0169491525423729,0,Inf,1.33478858551408,NA,NA,NA,NA,0.720889224056092,0.891228444126338,NA
"Unc13c",2.45932928663523e-13,1,0.0169491514263656,0,12488.0555038273,1,0.999998642772815,1,0.0169491525423729,0,Inf,0.0169491525423729,0,Inf,1.33478858551408,NA,NA,NA,NA,0.720889224056092,0.891228444126338,NA
"Ccr1",2.45932928663523e-13,1,0.0169491514263656,0,12488.0555038273,1,0.999998642772815,1,0.0169491525423729,0,Inf,0.0169491525423729,0,Inf,1.33478858551408,NA,NA,NA,NA,0.720889224056092,0.891228444126338,NA
"Plek",2.45932928663523e-13,1,0.0169491514263656,0,12488.0555038273,1,0.999998642772815,1,0.0169491525423729,0,Inf,0.0169491525423729,0,Inf,1.33478858551408,NA,NA,NA,NA,0.720889224056092,0.891228444126338,NA
"C1qtnf2",2.45932928663523e-13,1,0.0169491514263656,0,12488.0555038273,1,0.999998642772815,1,0.0169491525423729,0,Inf,0.0169491525423729,0,Inf,1.33478858551408,NA,NA,NA,NA,0.720889224056092,0.891228444126338,NA
"Ifi47",2.45932928663523e-13,1,0.0169491514263656,0,12488.0555038273,1,0.999998642772815,1,0.0169491525423729,0,Inf,0.0169491525423729,0,Inf,1.33478858551408,NA,NA,NA,NA,0.720889224056092,0.891228444126338,NA
"Col23a1",2.45932928663523e-13,1,0.0169491514263656,0,12488.0555038273,1,0.999998642772815,1,0.0169491525423729,0,Inf,0.0169491525423729,0,Inf,1.33478858551408,NA,NA,NA,NA,0.720889224056092,0.891228444126338,NA
"Arl5c",2.45932928663523e-13,1,0.0169491514263656,0,12488.0555038273,1,0.999998642772815,1,0.0169491525423729,0,Inf,0.0169491525423729,0,Inf,1.33478858551408,NA,NA,NA,NA,0.720889224056092,0.891228444126338,NA
"Krt19",2.45932928663523e-13,1,0.0169491514263656,0,12488.0555038273,1,0.999998642772815,1,0.0169491525423729,0,Inf,0.0169491525423729,0,Inf,1.33478858551408,NA,NA,NA,NA,0.720889224056092,0.891228444126338,NA
"Cd300a",2.45932928663523e-13,1,0.0169491514263656,0,12488.0555038273,1,0.999998642772815,1,0.0169491525423729,0,Inf,0.0169491525423729,0,Inf,1.33478858551408,NA,NA,NA,NA,0.720889224056092,0.891228444126338,NA
"Elmo1",2.45932928663523e-13,1,0.0169491514263656,0,12488.0555038273,1,0.999998642772815,1,0.0169491525423729,0,Inf,0.0169491525423729,0,Inf,1.33478858551408,NA,NA,NA,NA,0.720889224056092,0.891228444126338,NA
"Serpinb6b",2.45932928663523e-13,1,0.0169491514263656,0,12488.0555038273,1,0.999998642772815,1,0.0169491525423729,0,Inf,0.0169491525423729,0,Inf,1.33478858551408,NA,NA,NA,NA,0.720889224056092,0.891228444126338,NA
"Serpinb9",2.45932928663523e-13,1,0.0169491514263656,0,12488.0555038273,1,0.999998642772815,1,0.0169491525423729,0,Inf,0.0169491525423729,0,Inf,1.33478858551408,NA,NA,NA,NA,0.720889224056092,0.891228444126338,NA
"Agr2",2.45932928663523e-13,1,0.0169491514263656,0,12488.0555038273,1,0.999998642772815,1,0.0169491525423729,0,Inf,0.0169491525423729,0,Inf,1.33478858551408,NA,NA,NA,NA,0.720889224056092,0.891228444126338,NA
"Acot3",2.45932928663523e-13,1,0.0169491514263656,0,12488.0555038273,1,0.999998642772815,1,0.0169491525423729,0,Inf,0.0169491525423729,0,Inf,1.33478858551408,NA,NA,NA,NA,0.720889224056092,0.891228444126338,NA
"A230065H16Rik",2.45932928663523e-13,1,0.0169491514263656,0,12488.0555038273,1,0.999998642772815,1,0.0169491525423729,0,Inf,0.0169491525423729,0,Inf,1.33478858551408,NA,NA,NA,NA,0.720889224056092,0.891228444126338,NA
"Matn2",2.45932928663523e-13,1,0.0169491514263656,0,12488.0555038273,1,0.999998642772815,1,0.0169491525423729,0,Inf,0.0169491525423729,0,Inf,1.33478858551408,NA,NA,NA,NA,0.720889224056092,0.891228444126338,NA
"Ddn",2.45932928663523e-13,1,0.0169491514263656,0,12488.0555038273,1,0.999998642772815,1,0.0169491525423729,0,Inf,0.0169491525423729,0,Inf,1.33478858551408,NA,NA,NA,NA,0.720889224056092,0.891228444126338,NA
"Krt7",2.45932928663523e-13,1,0.0169491514263656,0,12488.0555038273,1,0.999998642772815,1,0.0169491525423729,0,Inf,0.0169491525423729,0,Inf,1.33478858551408,NA,NA,NA,NA,0.720889224056092,0.891228444126338,NA
"Myh11",2.45932928663523e-13,1,0.0169491514263656,0,12488.0555038273,1,0.999998642772815,1,0.0169491525423729,0,Inf,0.0169491525423729,0,Inf,1.33478858551408,NA,NA,NA,NA,0.720889224056092,0.891228444126338,NA
"Cldn1",2.45932928663523e-13,1,0.0169491514263656,0,12488.0555038273,1,0.999998642772815,1,0.0169491525423729,0,Inf,0.0169491525423729,0,Inf,1.33478858551408,NA,NA,NA,NA,0.720889224056092,0.891228444126338,NA
"Gm5416",2.45932928663523e-13,1,0.0169491514263656,0,12488.0555038273,1,0.999998642772815,1,0.0169491525423729,0,Inf,0.0169491525423729,0,Inf,1.33478858551408,NA,NA,NA,NA,0.720889224056092,0.891228444126338,NA
"Slc15a2",2.45932928663523e-13,1,0.0169491514263656,0,12488.0555038273,1,0.999998642772815,1,0.0169491525423729,0,Inf,0.0169491525423729,0,Inf,1.33478858551408,NA,NA,NA,NA,0.720889224056092,0.891228444126338,NA
"Retnlg",2.45932928663523e-13,1,0.0169491514263656,0,12488.0555038273,1,0.999998642772815,1,0.0169491525423729,0,Inf,0.0169491525423729,0,Inf,1.33478858551408,NA,NA,NA,NA,0.720889224056092,0.891228444126338,NA
"Rasgrp3",2.45932928663523e-13,1,0.0169491514263656,0,12488.0555038273,1,0.999998642772815,1,0.0169491525423729,0,Inf,0.0169491525423729,0,Inf,1.33478858551408,NA,NA,NA,NA,0.720889224056092,0.891228444126338,NA
"Slc3a1",2.45932928663523e-13,1,0.0169491514263656,0,12488.0555038273,1,0.999998642772815,1,0.0169491525423729,0,Inf,0.0169491525423729,0,Inf,1.33478858551408,NA,NA,NA,NA,0.720889224056092,0.891228444126338,NA
"Gata6",2.45932928663523e-13,1,0.0169491514263656,0,12488.0555038273,1,0.999998642772815,1,0.0169491525423729,0,Inf,0.0169491525423729,0,Inf,1.33478858551408,NA,NA,NA,NA,0.720889224056092,0.891228444126338,NA
"Pcdhb4",2.45932928663523e-13,1,0.0169491514263656,0,12488.0555038273,1,0.999998642772815,1,0.0169491525423729,0,Inf,0.0169491525423729,0,Inf,1.33478858551408,NA,NA,NA,NA,0.720889224056092,0.891228444126338,NA
"Synpo",2.45932928663523e-13,1,0.0169491514263656,0,12488.0555038273,1,0.999998642772815,1,0.0169491525423729,0,Inf,0.0169491525423729,0,Inf,1.33478858551408,NA,NA,NA,NA,0.720889224056092,0.891228444126338,NA
"Fermt3",2.45932928663523e-13,1,0.0169491514263656,0,12488.0555038273,1,0.999998642772815,1,0.0169491525423729,0,Inf,0.0169491525423729,0,Inf,1.33478858551408,NA,NA,NA,NA,0.720889224056092,0.891228444126338,NA
"Slc22a29",2.45932928663523e-13,1,0.0169491514263656,0,12488.0555038273,1,0.999998642772815,1,0.0169491525423729,0,Inf,0.0169491525423729,0,Inf,1.33478858551408,NA,NA,NA,NA,0.720889224056092,0.891228444126338,NA
"Slc16a12",2.45932928663523e-13,1,0.0169491514263656,0,12488.0555038273,1,0.999998642772815,1,0.0169491525423729,0,Inf,0.0169491525423729,0,Inf,1.33478858551408,NA,NA,NA,NA,0.720889224056092,0.891228444126338,NA
"Ppp1r3c",2.45932928663523e-13,1,0.0169491514263656,0,12488.0555038273,1,0.999998642772815,1,0.0169491525423729,0,Inf,0.0169491525423729,0,Inf,1.33478858551408,NA,NA,NA,NA,0.720889224056092,0.891228444126338,NA
"Rbp4",2.45932928663523e-13,1,0.0169491514263656,0,12488.0555038273,1,0.999998642772815,1,0.0169491525423729,0,Inf,0.0169491525423729,0,Inf,1.33478858551408,NA,NA,NA,NA,0.720889224056092,0.891228444126338,NA
"Cnnm1",2.45932928663523e-13,1,0.0169491514263656,0,12488.0555038273,1,0.999998642772815,1,0.0169491525423729,0,Inf,0.0169491525423729,0,Inf,1.33478858551408,NA,NA,NA,NA,0.720889224056092,0.891228444126338,NA
"Slc18a2",2.45932928663523e-13,1,0.0169491514263656,0,12488.0555038273,1,0.999998642772815,1,0.0169491525423729,0,Inf,0.0169491525423729,0,Inf,1.33478858551408,NA,NA,NA,NA,0.720889224056092,0.891228444126338,NA
"Pdpn",0.517700489165386,0.61519943461786,1.65169186012029,2.13468691202356,13443.5571863987,10607.4742932145,0.99987715387131,0.999798796834452,0.593220338983051,0.5,1.1864406779661,0.796610169491525,0.821428571428571,0.969786293294031,1.32478264615457,NA,NA,NA,NA,0.723256773109079,0.891228444126338,NA
"Ccdc80",0.702203101602487,0.651576681681188,1.59362390758878,2.05005156864137,13058.6248172455,10707.4737961635,0.999877978770817,0.999808576777288,0.389830508474576,0.428571428571429,0.909604519774011,0.474576271186441,0.714285714285714,0.664406779661017,1.31645679276767,NA,NA,NA,NA,0.725229007121208,0.891228444126338,NA
"Crlf1",0.965215601629437,0.977589252421494,3.89810453254994,1.59362454940461,30.7494930134325,17664.4456822982,0.887492790015914,0.999909791633443,0.11864406779661,0.0178571428571429,6.64406779661017,0.135593220338983,0.0357142857142857,3.79661016949153,1.3066732697966,NA,NA,NA,NA,0.727549055507487,0.891228444126338,NA
"Ppargc1a",0.884295063592275,0.955178537224486,1.31837393934346,1.5936242269606,13488.2241179261,10501.3273580076,0.999902266964196,0.999848268474108,0.11864406779661,0.0357142857142857,3.32203389830509,0.152542372881356,0.0714285714285714,2.13559322033898,1.30503346449983,NA,NA,NA,NA,0.727938178674541,0.891228444126338,NA
"Aqp11",0.884295059313881,0.955178537224486,1.31837393165456,1.5936242269606,17679.9818396182,10501.3273580076,0.999925436822194,0.999848268474108,0.101694915254237,0.0357142857142857,2.84745762711864,0.152542372881356,0.0714285714285714,2.13559322033898,1.30502198661206,NA,NA,NA,NA,0.727940902622079,0.891228444126338,NA
"Notch3",0.883673223619871,0.894178484297315,0.874217283445388,1.85622440340545,13868.1535804443,13185.9434555604,0.999936966217373,0.999859246845687,0.0677966101694915,0.107142857142857,0.632768361581921,0.101694915254237,0.196428571428571,0.517719568567026,1.29609244322651,NA,NA,NA,NA,0.730061172925724,0.891228444126338,NA
"Etnk1",0.496442982257681,0.40938749557638,1.64928389317452,1.87456717509046,13588.0651665066,16796.3506752644,0.999878637340086,0.999888406831791,0.593220338983051,0.625,0.949152542372881,0.830508474576271,1.10714285714286,0.750136686714051,1.29460051427668,NA,NA,NA,NA,0.730415635392951,0.891228444126338,NA
"Tapbp",0.81053166813269,0.910357071354275,0.984020254234357,1.59362425349846,11390.0832611457,11291.6473704941,0.999913614744789,0.99985888689932,0.11864406779661,0.0714285714285714,1.66101694915254,0.186440677966102,0.142857142857143,1.30508474576271,1.28318265928773,NA,NA,NA,NA,0.733130341693478,0.891228444126338,NA
"Csad",0.60440000416391,0.626207256006665,1.15679260368194,1.67204957798403,10638.5288878895,17759.8562604475,0.999891275678773,0.999905861165278,0.322033898305085,0.339285714285714,0.949152542372881,0.457627118644068,0.625,0.732203389830508,1.26253566788708,NA,NA,NA,NA,0.738047983269897,0.891228444126338,NA
"1500015O10Rik",2.45932928663523e-13,0.977589252421494,0.0169491514263656,1.59362454940461,12488.0555038273,17664.4456822982,0.999998642772815,0.999909791633443,0.0169491525423729,0.0178571428571429,0.949152542372881,0.0169491525423729,0.0357142857142857,0.474576271186441,1.25924261255537,NA,NA,NA,NA,0.738833307303247,0.891228444126338,NA
"Fmo2",2.45932928663523e-13,0.977589252421494,0.0169491514263656,1.59362454940461,12488.0555038273,17664.4456822982,0.999998642772815,0.999909791633443,0.0169491525423729,0.0178571428571429,0.949152542372881,0.0169491525423729,0.0357142857142857,0.474576271186441,1.25924261255537,NA,NA,NA,NA,0.738833307303247,0.891228444126338,NA
"Optn",2.45932928663523e-13,0.977589252421494,0.0169491514263656,1.59362454940461,12488.0555038273,17664.4456822982,0.999998642772815,0.999909791633443,0.0169491525423729,0.0178571428571429,0.949152542372881,0.0169491525423729,0.0357142857142857,0.474576271186441,1.25924261255537,NA,NA,NA,NA,0.738833307303247,0.891228444126338,NA
"Acss1",2.45932928663523e-13,0.977589252421494,0.0169491514263656,1.59362454940461,12488.0555038273,17664.4456822982,0.999998642772815,0.999909791633443,0.0169491525423729,0.0178571428571429,0.949152542372881,0.0169491525423729,0.0357142857142857,0.474576271186441,1.25924261255537,NA,NA,NA,NA,0.738833307303247,0.891228444126338,NA
"Foxs1",2.45932928663523e-13,0.977589252421494,0.0169491514263656,1.59362454940461,12488.0555038273,17664.4456822982,0.999998642772815,0.999909791633443,0.0169491525423729,0.0178571428571429,0.949152542372881,0.0169491525423729,0.0357142857142857,0.474576271186441,1.25924261255537,NA,NA,NA,NA,0.738833307303247,0.891228444126338,NA
"Mme",2.45932928663523e-13,0.977589252421494,0.0169491514263656,1.59362454940461,12488.0555038273,17664.4456822982,0.999998642772815,0.999909791633443,0.0169491525423729,0.0178571428571429,0.949152542372881,0.0169491525423729,0.0357142857142857,0.474576271186441,1.25924261255537,NA,NA,NA,NA,0.738833307303247,0.891228444126338,NA
"Adh1",2.45932928663523e-13,0.977589252421494,0.0169491514263656,1.59362454940461,12488.0555038273,17664.4456822982,0.999998642772815,0.999909791633443,0.0169491525423729,0.0178571428571429,0.949152542372881,0.0169491525423729,0.0357142857142857,0.474576271186441,1.25924261255537,NA,NA,NA,NA,0.738833307303247,0.891228444126338,NA
"Gbp7",2.45932928663523e-13,0.977589252421494,0.0169491514263656,1.59362454940461,12488.0555038273,17664.4456822982,0.999998642772815,0.999909791633443,0.0169491525423729,0.0178571428571429,0.949152542372881,0.0169491525423729,0.0357142857142857,0.474576271186441,1.25924261255537,NA,NA,NA,NA,0.738833307303247,0.891228444126338,NA
"Tinagl1",2.45932928663523e-13,0.977589252421494,0.0169491514263656,1.59362454940461,12488.0555038273,17664.4456822982,0.999998642772815,0.999909791633443,0.0169491525423729,0.0178571428571429,0.949152542372881,0.0169491525423729,0.0357142857142857,0.474576271186441,1.25924261255537,NA,NA,NA,NA,0.738833307303247,0.891228444126338,NA
"AI839979",2.45932928663523e-13,0.977589252421494,0.0169491514263656,1.59362454940461,12488.0555038273,17664.4456822982,0.999998642772815,0.999909791633443,0.0169491525423729,0.0178571428571429,0.949152542372881,0.0169491525423729,0.0357142857142857,0.474576271186441,1.25924261255537,NA,NA,NA,NA,0.738833307303247,0.891228444126338,NA
"Dao",2.45932928663523e-13,0.977589252421494,0.0169491514263656,1.59362454940461,12488.0555038273,17664.4456822982,0.999998642772815,0.999909791633443,0.0169491525423729,0.0178571428571429,0.949152542372881,0.0169491525423729,0.0357142857142857,0.474576271186441,1.25924261255537,NA,NA,NA,NA,0.738833307303247,0.891228444126338,NA
"Gimap4",2.45932928663523e-13,0.977589252421494,0.0169491514263656,1.59362454940461,12488.0555038273,17664.4456822982,0.999998642772815,0.999909791633443,0.0169491525423729,0.0178571428571429,0.949152542372881,0.0169491525423729,0.0357142857142857,0.474576271186441,1.25924261255537,NA,NA,NA,NA,0.738833307303247,0.891228444126338,NA
"Efcc1",2.45932928663523e-13,0.977589252421494,0.0169491514263656,1.59362454940461,12488.0555038273,17664.4456822982,0.999998642772815,0.999909791633443,0.0169491525423729,0.0178571428571429,0.949152542372881,0.0169491525423729,0.0357142857142857,0.474576271186441,1.25924261255537,NA,NA,NA,NA,0.738833307303247,0.891228444126338,NA
"Scnn1a",2.45932928663523e-13,0.977589252421494,0.0169491514263656,1.59362454940461,12488.0555038273,17664.4456822982,0.999998642772815,0.999909791633443,0.0169491525423729,0.0178571428571429,0.949152542372881,0.0169491525423729,0.0357142857142857,0.474576271186441,1.25924261255537,NA,NA,NA,NA,0.738833307303247,0.891228444126338,NA
"Bhlhe41",2.45932928663523e-13,0.977589252421494,0.0169491514263656,1.59362454940461,12488.0555038273,17664.4456822982,0.999998642772815,0.999909791633443,0.0169491525423729,0.0178571428571429,0.949152542372881,0.0169491525423729,0.0357142857142857,0.474576271186441,1.25924261255537,NA,NA,NA,NA,0.738833307303247,0.891228444126338,NA
"Dkk3",2.45932928663523e-13,0.977589252421494,0.0169491514263656,1.59362454940461,12488.0555038273,17664.4456822982,0.999998642772815,0.999909791633443,0.0169491525423729,0.0178571428571429,0.949152542372881,0.0169491525423729,0.0357142857142857,0.474576271186441,1.25924261255537,NA,NA,NA,NA,0.738833307303247,0.891228444126338,NA
"Nupr1",2.45932928663523e-13,0.977589252421494,0.0169491514263656,1.59362454940461,12488.0555038273,17664.4456822982,0.999998642772815,0.999909791633443,0.0169491525423729,0.0178571428571429,0.949152542372881,0.0169491525423729,0.0357142857142857,0.474576271186441,1.25924261255537,NA,NA,NA,NA,0.738833307303247,0.891228444126338,NA
"Ptpre",2.45932928663523e-13,0.977589252421494,0.0169491514263656,1.59362454940461,12488.0555038273,17664.4456822982,0.999998642772815,0.999909791633443,0.0169491525423729,0.0178571428571429,0.949152542372881,0.0169491525423729,0.0357142857142857,0.474576271186441,1.25924261255537,NA,NA,NA,NA,0.738833307303247,0.891228444126338,NA
"Igf1",2.45932928663523e-13,0.977589252421494,0.0169491514263656,1.59362454940461,12488.0555038273,17664.4456822982,0.999998642772815,0.999909791633443,0.0169491525423729,0.0178571428571429,0.949152542372881,0.0169491525423729,0.0357142857142857,0.474576271186441,1.25924261255537,NA,NA,NA,NA,0.738833307303247,0.891228444126338,NA
"Cdh5",2.45932928663523e-13,0.977589252421494,0.0169491514263656,1.59362454940461,12488.0555038273,17664.4456822982,0.999998642772815,0.999909791633443,0.0169491525423729,0.0178571428571429,0.949152542372881,0.0169491525423729,0.0357142857142857,0.474576271186441,1.25924261255537,NA,NA,NA,NA,0.738833307303247,0.891228444126338,NA
"Dok2",2.45932928663523e-13,0.977589252421494,0.0169491514263656,1.59362454940461,12488.0555038273,17664.4456822982,0.999998642772815,0.999909791633443,0.0169491525423729,0.0178571428571429,0.949152542372881,0.0169491525423729,0.0357142857142857,0.474576271186441,1.25924261255537,NA,NA,NA,NA,0.738833307303247,0.891228444126338,NA
"Icam1",2.45932928663523e-13,0.977589252421494,0.0169491514263656,1.59362454940461,12488.0555038273,17664.4456822982,0.999998642772815,0.999909791633443,0.0169491525423729,0.0178571428571429,0.949152542372881,0.0169491525423729,0.0357142857142857,0.474576271186441,1.25924261255537,NA,NA,NA,NA,0.738833307303247,0.891228444126338,NA
"Il18",2.45932928663523e-13,0.977589252421494,0.0169491514263656,1.59362454940461,12488.0555038273,17664.4456822982,0.999998642772815,0.999909791633443,0.0169491525423729,0.0178571428571429,0.949152542372881,0.0169491525423729,0.0357142857142857,0.474576271186441,1.25924261255537,NA,NA,NA,NA,0.738833307303247,0.891228444126338,NA
"Ngp",2.45932928663523e-13,0.977589252421494,0.0169491514263656,1.59362454940461,12488.0555038273,17664.4456822982,0.999998642772815,0.999909791633443,0.0169491525423729,0.0178571428571429,0.949152542372881,0.0169491525423729,0.0357142857142857,0.474576271186441,1.25924261255537,NA,NA,NA,NA,0.738833307303247,0.891228444126338,NA
"Cx3cr1",2.45932928663523e-13,0.977589252421494,0.0169491514263656,1.59362454940461,12488.0555038273,17664.4456822982,0.999998642772815,0.999909791633443,0.0169491525423729,0.0178571428571429,0.949152542372881,0.0169491525423729,0.0357142857142857,0.474576271186441,1.25924261255537,NA,NA,NA,NA,0.738833307303247,0.891228444126338,NA
"Agtr1a",2.45932928663523e-13,0.977589252421494,0.0169491514263656,1.59362454940461,12488.0555038273,17664.4456822982,0.999998642772815,0.999909791633443,0.0169491525423729,0.0178571428571429,0.949152542372881,0.0169491525423729,0.0357142857142857,0.474576271186441,1.25924261255537,NA,NA,NA,NA,0.738833307303247,0.891228444126338,NA
"Psca",2.45932928663523e-13,0.977589252421494,0.0169491514263656,1.59362454940461,12488.0555038273,17664.4456822982,0.999998642772815,0.999909791633443,0.0169491525423729,0.0178571428571429,0.949152542372881,0.0169491525423729,0.0357142857142857,0.474576271186441,1.25924261255537,NA,NA,NA,NA,0.738833307303247,0.891228444126338,NA
"Tap1",2.45932928663523e-13,0.977589252421494,0.0169491514263656,1.59362454940461,12488.0555038273,17664.4456822982,0.999998642772815,0.999909791633443,0.0169491525423729,0.0178571428571429,0.949152542372881,0.0169491525423729,0.0357142857142857,0.474576271186441,1.25924261255537,NA,NA,NA,NA,0.738833307303247,0.891228444126338,NA
"Slc23a1",2.45932928663523e-13,0.977589252421494,0.0169491514263656,1.59362454940461,12488.0555038273,17664.4456822982,0.999998642772815,0.999909791633443,0.0169491525423729,0.0178571428571429,0.949152542372881,0.0169491525423729,0.0357142857142857,0.474576271186441,1.25924261255537,NA,NA,NA,NA,0.738833307303247,0.891228444126338,NA
"Ms4a6d",2.45932928663523e-13,0.977589252421494,0.0169491514263656,1.59362454940461,12488.0555038273,17664.4456822982,0.999998642772815,0.999909791633443,0.0169491525423729,0.0178571428571429,0.949152542372881,0.0169491525423729,0.0357142857142857,0.474576271186441,1.25924261255537,NA,NA,NA,NA,0.738833307303247,0.891228444126338,NA
"Clcnkb",0.978728817498051,2.16001639034695e-13,1.59362431512217,0.0178571424349252,15920.2853760251,13409.1220825549,0.99989990978357,0.999998668285773,0.0169491525423729,0.0178571428571429,0.949152542372881,0.0338983050847458,0.0178571428571429,1.89830508474576,1.25831661106321,NA,NA,NA,NA,0.739054187142709,0.891228444126338,NA
"Pmepa1",0.883673223619871,0.865535609842088,0.874217283445388,1.59362426051418,13868.1535804443,16333.0833891109,0.999936966217373,0.999902439193673,0.0677966101694915,0.107142857142857,0.632768361581921,0.101694915254237,0.214285714285714,0.474576271186441,1.25062620013865,NA,NA,NA,NA,0.740889392471882,0.892124736403135,NA
"Bgn",0.883673223619871,0.865535609842088,0.874217283445388,1.59362426051418,13868.1535804443,16333.0833891109,0.999936966217373,0.999902439193673,0.0677966101694915,0.107142857142857,0.632768361581921,0.101694915254237,0.214285714285714,0.474576271186441,1.25062620013865,NA,NA,NA,NA,0.740889392471882,0.892124736403135,NA
"Cd47",0.448114383018377,0.554532117989698,1.96552643412867,1.84396811709009,15127.7751071982,16341.76683907,0.999870088557251,0.999887174986064,0.88135593220339,0.464285714285714,1.89830508474576,1.08474576271186,0.821428571428571,1.32056005895357,1.24031624137803,NA,NA,NA,NA,0.743351928548458,0.89443081829763,NA
"Gatm",0.888098555423982,0.910357071354275,0.605860017323186,1.59362425349846,13246.0655873156,11291.6473704941,0.999954263226069,0.99985888689932,0.0508474576271186,0.0714285714285714,0.711864406779661,0.0677966101694915,0.142857142857143,0.474576271186441,1.23299199548016,NA,NA,NA,NA,0.745102826231765,0.895219130928459,NA
"Ehd3",0.888098555423982,0.910357071354275,0.605860017323186,1.59362425349846,13246.0655873156,11291.6473704941,0.999954263226069,0.99985888689932,0.0508474576271186,0.0714285714285714,0.711864406779661,0.0677966101694915,0.142857142857143,0.474576271186441,1.23299199548016,NA,NA,NA,NA,0.745102826231765,0.895219130928459,NA
"Gstm2",0.789266782692016,0.836691067653614,1.28687025927777,2.07756830832711,14609.1373317768,10350.5197566506,0.999911921088568,0.9997993191232,0.186440677966102,0.196428571428571,0.949152542372881,0.271186440677966,0.339285714285714,0.7992863514719,1.22184362457674,NA,NA,NA,NA,0.747770216530064,0.897763801476947,NA
"Actn1",0.360260902432022,0.470147593435298,1.72210099258132,2.08953067994511,13675.2539495883,15729.1775414388,0.999874087591715,0.999867173402475,0.864406779661017,0.660714285714286,1.30829134218965,1.10169491525424,1.10714285714286,0.99507927829415,1.21846564392183,NA,NA,NA,NA,0.748578979727886,0.898074928689696,NA
"Insig1",0.520913170018977,0.628788330731911,2.15806037766511,2.45335743662301,12827.6440847989,16027.0823618574,0.999831793167716,0.999846947692086,0.796610169491525,0.589285714285714,1.35182331792501,1.03389830508475,0.910714285714286,1.13526088401462,1.20901675545286,NA,NA,NA,NA,0.750842543565335,0.89868956347725,NA
"Cd55",0.941836822089159,0.910357071354275,0.874221003813324,1.59362425349846,14493.8997254545,11291.6473704941,0.999939687158486,0.99985888689932,0.0338983050847458,0.0714285714285714,0.474576271186441,0.0508474576271186,0.142857142857143,0.355932203389831,1.20714452166764,NA,NA,NA,NA,0.751291275220271,0.89868956347725,NA
"Uap1l1",0.941836822089159,0.910357071354275,0.874221003813324,1.59362425349846,14493.8997254545,11291.6473704941,0.999939687158486,0.99985888689932,0.0508474576271186,0.0714285714285714,0.711864406779661,0.0508474576271186,0.142857142857143,0.355932203389831,1.20714452166764,NA,NA,NA,NA,0.751291275220271,0.89868956347725,NA
"Hao2",0.941836822089159,0.910357071354275,0.874221003813324,1.59362425349846,14493.8997254545,11291.6473704941,0.999939687158486,0.99985888689932,0.0338983050847458,0.0714285714285714,0.474576271186441,0.0508474576271186,0.142857142857143,0.355932203389831,1.20714452166764,NA,NA,NA,NA,0.751291275220271,0.89868956347725,NA
"Tkfc",0.673062263024615,0.695130462721668,1.50342214946466,2.10862995827681,15137.5203774874,18402.4578368608,0.999900692265937,0.9998854289797,0.338983050847458,0.375,0.903954802259887,0.491525423728814,0.642857142857143,0.764595103578154,1.20230951633948,NA,NA,NA,NA,0.752450447687459,0.899271675715664,NA
"Snai1",0.978728817498051,0.932767804815503,1.59362431512217,1.59362426127945,15920.2853760251,17359.7333913588,0.99989990978357,0.99990820838408,0.0169491525423729,0.0535714285714286,0.31638418079096,0.0338983050847458,0.107142857142857,0.31638418079096,1.19364183914497,NA,NA,NA,NA,0.754529661815285,0.899271675715664,NA
"Sparcl1",0.978728817498051,0.932767804815503,1.59362431512217,1.59362426127945,15920.2853760251,17359.7333913588,0.99989990978357,0.99990820838408,0.0169491525423729,0.0535714285714286,0.31638418079096,0.0338983050847458,0.107142857142857,0.31638418079096,1.19364183914497,NA,NA,NA,NA,0.754529661815285,0.899271675715664,NA
"Xaf1",0.978728817498051,0.932767804815503,1.59362431512217,1.59362426127945,15920.2853760251,17359.7333913588,0.99989990978357,0.99990820838408,0.0169491525423729,0.0535714285714286,0.31638418079096,0.0338983050847458,0.107142857142857,0.31638418079096,1.19364183914497,NA,NA,NA,NA,0.754529661815285,0.899271675715664,NA
"Aqp2",0.978728817498051,0.932767804815503,1.59362431512217,1.59362426127945,15920.2853760251,17359.7333913588,0.99989990978357,0.99990820838408,0.0169491525423729,0.0535714285714286,0.31638418079096,0.0338983050847458,0.107142857142857,0.31638418079096,1.19364183914497,NA,NA,NA,NA,0.754529661815285,0.899271675715664,NA
"Plp1",0.809746548081998,0.894178484297315,1.24722207089046,1.85622440340545,10184.3176776207,13185.9434555604,0.999877550034468,0.999859246845687,0.152542372881356,0.107142857142857,1.42372881355932,0.23728813559322,0.196428571428571,1.20801232665639,1.17582272411823,NA,NA,NA,NA,0.758808668354285,0.903712364497741,NA
"Tagln",0.834160788094273,0.887946338822034,0.715415949110372,1.59362424455655,18998.13638252,10120.585122111,0.999962344253395,0.999842561143753,0.0847457627118644,0.0892857142857143,0.949152542372881,0.11864406779661,0.178571428571429,0.664406779661017,1.16338742156843,NA,NA,NA,NA,0.76179823693708,0.905959647450416,NA
"Asl",0.68488822235332,0.79830314187099,1.39848000440364,1.59362590691654,11512.7213496807,14295.2826269628,0.999878542170388,0.999888533279667,0.305084745762712,0.178571428571429,1.70847457627119,0.440677966101695,0.321428571428571,1.37099811676083,1.16336137498956,NA,NA,NA,NA,0.761804501589273,0.905959647450416,NA
"Ttc36",0.717902853731528,0.76043160792642,1.08148786413878,1.71439247842316,14770.3640600581,15080.8782182478,0.999926785238409,0.99988633303818,0.220338983050847,0.214285714285714,1.02824858757062,0.305084745762712,0.410714285714286,0.742815033161386,1.15489251908039,NA,NA,NA,NA,0.763842006271326,0.907722064179888,NA
"Efna1",0.639755136497669,0.767255762716774,1.22327341968025,1.45776334455,12541.6765947771,18523.4079957693,0.999902472838615,0.999921307751241,0.271186440677966,0.178571428571429,1.51864406779661,0.440677966101695,0.339285714285714,1.29884032114184,1.14914584512186,NA,NA,NA,NA,0.765225249234216,0.908456184639377,NA
"Fzd1",0.7348501562351,0.843124551367027,1.21453550075302,1.59362423193972,12008.9601251275,10783.1324157663,0.999898874451449,0.999852233220758,0.220338983050847,0.142857142857143,1.54237288135593,0.322033898305085,0.25,1.28813559322034,1.14770683451891,NA,NA,NA,NA,0.765571705170393,0.908456184639377,NA
"Zfp36",0.733105078354487,0.849715366262648,1.39710899950056,1.78233328328745,4.02190691024413,17278.112628524,0.742184001160022,0.999896855085796,0.305084745762712,0.142857142857143,2.13559322033898,0.372881355932203,0.267857142857143,1.39209039548023,1.14289247186866,NA,NA,NA,NA,0.766731041949199,0.909171641904929,NA
"Dcn",0.849509579555632,0.827424189349123,1.12626123183619,1.75906133902174,11543.8033789358,14103.6517775183,0.999902445379319,0.999875291733143,0.101694915254237,0.160714285714286,0.632768361581921,0.169491525423729,0.303571428571429,0.558325024925224,1.13886950467335,NA,NA,NA,NA,0.767700072475379,0.909447180237039,NA
"Dab2",0.821370045467724,0.818418659993775,1.42326236009436,2.16353269803967,13190.8429587296,17871.2778850117,0.999892113884283,0.999878952651172,0.152542372881356,0.25,0.610169491525424,0.254237288135593,0.392857142857143,0.647149460708783,1.1373067452368,NA,NA,NA,NA,0.768076565928466,0.909447180237039,NA
"Sema3c",0.751612386198569,0.709274573331476,1.56944247825851,1.96552664293329,5.78881705567623,15504.0964233213,0.786710094823297,0.999873241403957,0.288135593220339,0.339285714285714,0.849241748438894,0.389830508474576,0.571428571428571,0.682203389830509,1.12948730943384,NA,NA,NA,NA,0.769960918022841,0.910859699748025,NA
"F2r",0.296623366840297,0.42651820208994,1.71087547487102,1.83714854952736,10671.4785528512,15297.7023450294,0.999839703447,0.99987992131722,0.915254237288136,0.589285714285714,1.55315870570108,1.20338983050847,1.05357142857143,1.14220051709279,1.12773050019405,NA,NA,NA,NA,0.770384397216506,0.910859699748025,NA
"Fzd3",0.494629520678888,0.615916974578403,1.47567526229232,1.81322406543762,12272.3362258607,14269.9236138096,0.999879770418988,0.999872950006994,0.542372881355932,0.375,1.44632768361582,0.745762711864407,0.696428571428571,1.07083876575402,1.11512373701498,NA,NA,NA,NA,0.773424464864658,0.913792896304303,NA
"Sgip1",0.768590122625367,0.770954120254037,1.31837392336395,1.94907924880561,12135.9773815532,18628.8884869073,0.999891378281462,0.999895384239067,0.220338983050847,0.25,0.88135593220339,0.305084745762712,0.446428571428571,0.683389830508475,1.09417715321965,NA,NA,NA,NA,0.778479924804174,0.91910129850435,NA
"Cyr61",0.808559178059271,0.887946338822034,1.59362430983446,1.59362424455655,15154.2727006521,10120.585122111,0.999894850991975,0.999842561143753,0.220338983050847,0.0892857142857143,2.46779661016949,0.305084745762712,0.178571428571429,1.70847457627119,1.09058809110466,NA,NA,NA,NA,0.779346628127939,0.919235016506484,NA
"Aif1l",0.65183037145706,0.625594360042004,1.50910267250942,1.95548015087214,16631.8284264237,16010.6204086075,0.999909272407304,0.999877878477238,0.406779661016949,0.410714285714286,0.990420044215181,0.525423728813559,0.732142857142857,0.717651922281935,1.08904906644435,NA,NA,NA,NA,0.779718318774777,0.919235016506484,NA
"Cd59a",0.819932651825555,0.910357071354275,0.847140685055176,1.59362425349846,0.44028914434075,11291.6473704941,0.34199078993481,0.99985888689932,0.152542372881356,0.0714285714285714,2.13559322033898,0.152542372881356,0.142857142857143,1.06779661016949,1.08317500559443,NA,NA,NA,NA,0.781137178053089,0.920243798802269,NA
"Atf3",0.924754816706831,0.977589252421494,1.12626076083587,1.59362454940461,17678.367617983,17664.4456822982,0.999936295644629,0.999909791633443,0.0508474576271186,0.0178571428571429,2.84745762711864,0.0847457627118644,0.0357142857142857,2.3728813559322,1.06672707393311,NA,NA,NA,NA,0.7851117552443,0.920942288635454,NA
"Hdc",0.924754816706831,0.977589252421494,1.12626076083587,1.59362454940461,17678.367617983,17664.4456822982,0.999936295644629,0.999909791633443,0.0508474576271186,0.0178571428571429,2.84745762711864,0.0847457627118644,0.0357142857142857,2.3728813559322,1.06672707393311,NA,NA,NA,NA,0.7851117552443,0.920942288635454,NA
"Rassf4",0.924754816706831,0.977589252421494,1.12626076083587,1.59362454940461,17678.367617983,17664.4456822982,0.999936295644629,0.999909791633443,0.0508474576271186,0.0178571428571429,2.84745762711864,0.0847457627118644,0.0357142857142857,2.3728813559322,1.06672707393311,NA,NA,NA,NA,0.7851117552443,0.920942288635454,NA
"Acsm2",0.924754816706831,0.977589252421494,1.12626076083587,1.59362454940461,17678.367617983,17664.4456822982,0.999936295644629,0.999909791633443,0.0508474576271186,0.0178571428571429,2.84745762711864,0.0847457627118644,0.0357142857142857,2.3728813559322,1.06672707393311,NA,NA,NA,NA,0.7851117552443,0.920942288635454,NA
"Ang",0.924754816706831,0.977589252421494,1.12626076083587,1.59362454940461,17678.367617983,17664.4456822982,0.999936295644629,0.999909791633443,0.0508474576271186,0.0178571428571429,2.84745762711864,0.0847457627118644,0.0357142857142857,2.3728813559322,1.06672707393311,NA,NA,NA,NA,0.7851117552443,0.920942288635454,NA
"Plscr2",0.924754816706831,0.977589252421494,1.12626076083587,1.59362454940461,17678.367617983,17664.4456822982,0.999936295644629,0.999909791633443,0.0508474576271186,0.0178571428571429,2.84745762711864,0.0847457627118644,0.0357142857142857,2.3728813559322,1.06672707393311,NA,NA,NA,NA,0.7851117552443,0.920942288635454,NA
"Gng11",0.884295063592275,0.854637309096214,1.31837393934346,1.96552618789378,13488.2241179261,12413.5024174612,0.999902266964196,0.999841687305157,0.101694915254237,0.160714285714286,0.632768361581921,0.152542372881356,0.285714285714286,0.533898305084746,1.05166166022929,NA,NA,NA,NA,0.788754057623182,0.924187661046349,NA
"Lrpap1",0.368963979154848,0.493055771125944,1.79957179770585,1.86692953293678,8.8872172181903,15914.7755235729,0.83160781081866,0.999882705819494,0.88135593220339,0.535714285714286,1.64519774011299,1.13559322033898,0.946428571428571,1.1998720818676,1.05060464935241,NA,NA,NA,NA,0.789009661664416,0.924187661046349,NA
"Pmp22",0.776197117948306,0.878096582449708,0.605859876896469,1.3183738986847,11976.0838215222,16285.3815221415,0.999949413411133,0.999919052115708,0.101694915254237,0.0892857142857143,1.13898305084746,0.135593220338983,0.160714285714286,0.843691148775894,1.0204276784461,NA,NA,NA,NA,0.796309226892969,0.93051513733593,NA
"Spp2",0.883673223619871,0.955178537224486,0.874217283445388,1.5936242269606,13868.1535804443,10501.3273580076,0.999936966217373,0.999848268474108,0.0677966101694915,0.0357142857142857,1.89830508474576,0.101694915254237,0.0714285714285714,1.42372881355932,1.01885587580959,NA,NA,NA,NA,0.796689520889208,0.93051513733593,NA
"Sfn",0.883673223619871,0.955178537224486,0.874217283445388,1.5936242269606,13868.1535804443,10501.3273580076,0.999936966217373,0.999848268474108,0.0677966101694915,0.0357142857142857,1.89830508474576,0.101694915254237,0.0714285714285714,1.42372881355932,1.01885587580959,NA,NA,NA,NA,0.796689520889208,0.93051513733593,NA
"Wnt5a",0.883673223619871,0.955178537224486,0.874217283445388,1.5936242269606,13868.1535804443,10501.3273580076,0.999936966217373,0.999848268474108,0.0677966101694915,0.0357142857142857,1.89830508474576,0.101694915254237,0.0714285714285714,1.42372881355932,1.01885587580959,NA,NA,NA,NA,0.796689520889208,0.93051513733593,NA
"Nmrk1",0.793028136467284,0.827424189349123,1.06458434130864,1.75906133902174,15873.5751895702,14103.6517775183,0.999932938047321,0.999875291733143,0.152542372881356,0.160714285714286,0.949152542372881,0.220338983050847,0.303571428571429,0.725822532402792,1.00087924167079,NA,NA,NA,NA,0.801039206170793,0.93443043726544,NA
"Gfra1",0.598236868312197,0.535236321884338,1.85622485163148,2.1516305717728,11539.8652679672,12280.9655360321,0.999839172617985,0.99982483024931,0.576271186440678,0.607142857142857,0.949152542372881,0.745762711864407,1,0.745762711864407,1.00027481137977,NA,NA,NA,NA,0.801185460592951,0.93443043726544,NA
"Rcn3",0.213873941184737,0.213266796509934,3.25561276453701,3.06420814434273,16.3649029364823,13533.4428129075,0.834070989053164,0.999773633763897,2.16949152542373,1.66071428571429,1.30636048842719,2.5593220338983,2.41071428571429,1.061644695543,0.997459128960827,NA,NA,NA,NA,0.801866772976266,0.934557993611426,NA
"Fmnl1",0.936186371045514,0.977589252421494,1.59362423334668,1.59362454940461,10879.7713093438,17664.4456822982,0.999853545557651,0.999909791633443,0.0508474576271186,0.0178571428571429,2.84745762711864,0.101694915254237,0.0357142857142857,2.84745762711864,0.977234696360668,NA,NA,NA,NA,0.806760253276559,0.939591057629292,NA
"Steap2",0.752789218309967,0.820714173157125,0.959865443728965,1.59362533327404,13998.1310312972,16172.048404557,0.999931433730175,0.99990146775041,0.186440677966102,0.142857142857143,1.30508474576271,0.23728813559322,0.285714285714286,0.830508474576271,0.966206224569987,NA,NA,NA,NA,0.809428269672642,0.942026917838389,NA
"Lbh",0.714619996273166,0.743944653694377,1.24722217700704,1.81322406687608,10727.9377221581,14610.8559748227,0.999883754247552,0.99987591424659,0.271186440677966,0.25,1.08474576271186,0.355932203389831,0.464285714285714,0.766623207301173,0.947034954268702,NA,NA,NA,NA,0.814064870049217,0.946468714902391,NA
"Col5a1",0.941836822089159,0.899777274306749,0.874221003813324,1.24721888659696,14493.8997254545,18499.2496729289,0.999939687158486,0.999932584573599,0.0338983050847458,0.0714285714285714,0.474576271186441,0.0508474576271186,0.125,0.406779661016949,0.945635216176541,NA,NA,NA,NA,0.814403312822988,0.946468714902391,NA
"Pam",0.7359875888647,0.820714173157125,1.02717331145163,1.59362533327404,19476.025730731,16172.048404557,0.999947262385305,0.99990146775041,0.220338983050847,0.142857142857143,1.54237288135593,0.271186440677966,0.285714285714286,0.949152542372881,0.934024915725104,NA,NA,NA,NA,0.817210008381951,0.946863215199774,NA
"Adam15",0.735986884693816,0.820714119253762,1.02717034355153,1.59362440911332,15462.3145822849,15517.3797528171,0.999933573844517,0.999897311222181,0.203389830508475,0.160714285714286,1.26553672316384,0.271186440677966,0.285714285714286,0.949152542372881,0.933993881900221,NA,NA,NA,NA,0.817217509110182,0.946863215199774,NA
"Lpcat2",0.888098555423982,0.955178537224486,0.605860017323186,1.5936242269606,13246.0655873156,10501.3273580076,0.999954263226069,0.999848268474108,0.0508474576271186,0.0357142857142857,1.42372881355932,0.0677966101694915,0.0714285714285714,0.949152542372881,0.921032100481483,NA,NA,NA,NA,0.820349540532901,0.946863215199774,NA
"Gsta2",0.888098555423982,0.955178537224486,0.605860017323186,1.5936242269606,13246.0655873156,10501.3273580076,0.999954263226069,0.999848268474108,0.0677966101694915,0.0357142857142857,1.89830508474576,0.0677966101694915,0.0714285714285714,0.949152542372881,0.921032100481483,NA,NA,NA,NA,0.820349540532901,0.946863215199774,NA
"Trim7",0.888098555423982,0.955178537224486,0.605860017323186,1.5936242269606,13246.0655873156,10501.3273580076,0.999954263226069,0.999848268474108,0.0508474576271186,0.0357142857142857,1.42372881355932,0.0677966101694915,0.0714285714285714,0.949152542372881,0.921032100481483,NA,NA,NA,NA,0.820349540532901,0.946863215199774,NA
"Rtn1",0.888098555423982,0.955178537224486,0.605860017323186,1.5936242269606,13246.0655873156,10501.3273580076,0.999954263226069,0.999848268474108,0.0508474576271186,0.0357142857142857,1.42372881355932,0.0677966101694915,0.0714285714285714,0.949152542372881,0.921032100481483,NA,NA,NA,NA,0.820349540532901,0.946863215199774,NA
"Apobec3",0.888098555423982,0.955178537224486,0.605860017323186,1.5936242269606,13246.0655873156,10501.3273580076,0.999954263226069,0.999848268474108,0.0508474576271186,0.0357142857142857,1.42372881355932,0.0677966101694915,0.0714285714285714,0.949152542372881,0.921032100481483,NA,NA,NA,NA,0.820349540532901,0.946863215199774,NA
"C1qc",0.888098555423982,0.932767804815503,0.605860017323186,1.59362426127945,13246.0655873156,17359.7333913588,0.999954263226069,0.99990820838408,0.0508474576271186,0.0535714285714286,0.949152542372881,0.0677966101694915,0.107142857142857,0.632768361581921,0.920253926072988,NA,NA,NA,NA,0.820537523086218,0.946863215199774,NA
"Fli1",0.888098555423982,0.932767804815503,0.605860017323186,1.59362426127945,13246.0655873156,17359.7333913588,0.999954263226069,0.99990820838408,0.0508474576271186,0.0535714285714286,0.949152542372881,0.0677966101694915,0.107142857142857,0.632768361581921,0.920253926072988,NA,NA,NA,NA,0.820537523086218,0.946863215199774,NA
"Rnf213",0.888098555423982,0.932767804815503,0.605860017323186,1.59362426127945,13246.0655873156,17359.7333913588,0.999954263226069,0.99990820838408,0.0508474576271186,0.0535714285714286,0.949152542372881,0.0677966101694915,0.107142857142857,0.632768361581921,0.920253926072988,NA,NA,NA,NA,0.820537523086218,0.946863215199774,NA
"Snai2",0.825509657773274,0.865535609842088,0.874216706754564,1.59362426051418,11458.5360677806,16333.0833891109,0.999923711893976,0.999902439193673,0.101694915254237,0.107142857142857,0.949152542372881,0.152542372881356,0.214285714285714,0.711864406779661,0.889798325222543,NA,NA,NA,NA,0.827888984283458,0.954672265574574,NA
"Sord",0.774264383190306,0.827424189349123,1.12626107313847,1.75906133902174,10443.266403124,14103.6517775183,0.99989216595839,0.999875291733143,0.152542372881356,0.160714285714286,0.949152542372881,0.254237288135593,0.303571428571429,0.837487537387837,0.880309195254966,NA,NA,NA,NA,0.830176864438428,0.956635399500981,NA
"Emp1",0.924754816706831,0.887946338822034,1.12626076083587,1.59362424455655,17678.367617983,10120.585122111,0.999936295644629,0.999842561143753,0.0508474576271186,0.0892857142857143,0.569491525423729,0.0847457627118644,0.178571428571429,0.474576271186441,0.872187349415015,NA,NA,NA,NA,0.832133918077512,0.958214814755923,NA
"Tubb6",0.810531713743792,0.899777274306749,0.984020700214201,1.24721888659696,14500.5559360572,18499.2496729289,0.999932143710037,0.999932584573599,0.135593220338983,0.0714285714285714,1.89830508474576,0.186440677966102,0.125,1.49152542372881,0.859185633697052,NA,NA,NA,NA,0.83526437402342,0.961142244474837,NA
"Ngfr",0.842444106234402,0.858406900118508,1.39848146432733,2.14397049319041,13294.1031649777,18401.0236424347,0.999894815441981,0.999883499920324,0.135593220338983,0.178571428571429,0.759322033898305,0.220338983050847,0.303571428571429,0.725822532402792,0.854902784852939,NA,NA,NA,NA,0.836294853665069,0.961335677632129,NA
"Emilin1",0.680008450991259,0.85612330253061,0.529674976871246,1.36525403510275,1.76673749394036,12950.3233840104,0.769346759955521,0.999894588723273,0.152542372881356,0.107142857142857,1.42372881355932,0.169491525423729,0.196428571428571,0.86286594761171,0.853596252942722,NA,NA,NA,NA,0.836609139285733,0.961335677632129,NA
"Supt16",0.159200920399305,0.157437202067475,2.76169915570961,3.07310695623585,25.3208161285334,12730.5223365022,0.901657699541637,0.99975866148961,1.91525423728814,1.80357142857143,1.06192314146669,2.32203389830508,2.58928571428571,0.896785505552309,0.850360309009943,NA,NA,NA,NA,0.837387391659035,0.961553758236728,NA
"Fam212a",0.91491517674589,0.95999049891711,1.59362381961496,2.2316119979075,16243.7051679929,10002.757568401,0.99990190246175,0.999776950083836,0.0677966101694915,0.0535714285714286,1.26553672316384,0.135593220338983,0.0892857142857143,1.51864406779661,0.838652177660826,NA,NA,NA,NA,0.840201333812479,0.962385305262396,NA
"Rhob",0.537005887541445,0.532332876250113,1.46430739310019,1.83280545862884,12024.6690746547,18334.7278525182,0.999878239551601,0.999900046388589,0.491525423728814,0.482142857142857,1.01946013810421,0.677966101694915,0.857142857142857,0.790960451977401,0.833524202385149,NA,NA,NA,NA,0.841432814068868,0.962385305262396,NA
"Cpa2",0.957457465238639,0.910357144905899,1.59362620187444,1.59362521861113,13147.598377191,13292.9773738772,0.999878804248849,0.999880129624437,0.0338983050847458,0.0892857142857143,0.379661016949153,0.0677966101694915,0.142857142857143,0.474576271186441,0.830703687587956,NA,NA,NA,NA,0.842109891750718,0.962385305262396,NA
"Calb1",0.957457465238639,0.910357071354275,1.59362620187444,1.59362425349846,13147.598377191,11291.6473704941,0.999878804248849,0.99985888689932,0.0338983050847458,0.0714285714285714,0.474576271186441,0.0677966101694915,0.142857142857143,0.474576271186441,0.830530299942055,NA,NA,NA,NA,0.842151507951794,0.962385305262396,NA
"Ptpn6",0.957457465238639,0.910357071354275,1.59362620187444,1.59362425349846,13147.598377191,11291.6473704941,0.999878804248849,0.99985888689932,0.0338983050847458,0.0714285714285714,0.474576271186441,0.0677966101694915,0.142857142857143,0.474576271186441,0.830530299942055,NA,NA,NA,NA,0.842151507951794,0.962385305262396,NA
"Lix1",0.957457465238639,0.910357071354275,1.59362620187444,1.59362425349846,13147.598377191,11291.6473704941,0.999878804248849,0.99985888689932,0.0338983050847458,0.0714285714285714,0.474576271186441,0.0677966101694915,0.142857142857143,0.474576271186441,0.830530299942055,NA,NA,NA,NA,0.842151507951794,0.962385305262396,NA
"Ncf2",0.883673223619871,0.887946338822034,0.874217283445388,1.59362424455655,13868.1535804443,10120.585122111,0.999936966217373,0.999842561143753,0.0677966101694915,0.0892857142857143,0.759322033898305,0.101694915254237,0.178571428571429,0.569491525423729,0.82773069813328,NA,NA,NA,NA,0.842823360973371,0.962385305262396,NA
"Mbp",0.883673223619871,0.887946338822034,0.874217283445388,1.59362424455655,13868.1535804443,10120.585122111,0.999936966217373,0.999842561143753,0.0677966101694915,0.0892857142857143,0.759322033898305,0.101694915254237,0.178571428571429,0.569491525423729,0.82773069813328,NA,NA,NA,NA,0.842823360973371,0.962385305262396,NA
"Tnfaip2",0.941424875621571,0.887946338822034,2.02550319338643,1.59362424455655,10799.4509017354,10120.585122111,0.999812479042915,0.999842561143753,0.0677966101694915,0.0892857142857143,0.759322033898305,0.11864406779661,0.178571428571429,0.664406779661017,0.81164247161928,NA,NA,NA,NA,0.84668032903433,0.966114286062915,NA
"Mylk",0.673589889716197,0.76043160792642,1.29814832346788,1.71439247842316,15917.1137806814,15080.8782182478,0.999918449884998,0.99988633303818,0.305084745762712,0.214285714285714,1.42372881355932,0.423728813559322,0.410714285714286,1.03168754605748,0.807058759683599,NA,NA,NA,NA,0.847777936860376,0.966691660034791,NA
"Slc7a7",0.842444106234402,0.910357071354275,1.39848146432733,1.59362425349846,13294.1031649777,11291.6473704941,0.999894815441981,0.99985888689932,0.152542372881356,0.0714285714285714,2.13559322033898,0.220338983050847,0.142857142857143,1.54237288135593,0.79818639187144,NA,NA,NA,NA,0.849900775221769,0.968436448195516,NA
"Acy1",0.619493064622838,0.693343395553769,1.24722192387772,1.68872000747495,18089.1981708748,18063.5455362553,0.999931056317476,0.999906521001415,0.305084745762712,0.267857142857143,1.13898305084746,0.474576271186441,0.517857142857143,0.916423144360023,0.79310334032715,NA,NA,NA,NA,0.851115902478962,0.969145215784407,NA
"Scube3",0.857356868135497,0.910357071354275,1.78233108611722,1.59362425349846,10096.0350989225,11291.6473704941,0.999823493433262,0.99985888689932,0.169491525423729,0.0714285714285714,2.3728813559322,0.254237288135593,0.142857142857143,1.77966101694915,0.790267097097271,NA,NA,NA,NA,0.851793571186317,0.969241431280252,NA
"Slc40a1",0.867993411801254,0.932767804815503,1.02717018518171,1.59362426127945,16046.5363113795,17359.7333913588,0.999935992140716,0.99990820838408,0.0847457627118644,0.0535714285714286,1.5819209039548,0.135593220338983,0.107142857142857,1.26553672316384,0.769481639279462,NA,NA,NA,NA,0.856751818039566,0.97225145747172,NA
"Nrip2",0.867993411801254,0.932767804815503,1.02717018518171,1.59362426127945,16046.5363113795,17359.7333913588,0.999935992140716,0.99990820838408,0.0847457627118644,0.0535714285714286,1.5819209039548,0.135593220338983,0.107142857142857,1.26553672316384,0.769481639279462,NA,NA,NA,NA,0.856751818039566,0.97225145747172,NA
"Kctd12",0.867993411801254,0.932767804815503,1.02717018518171,1.59362426127945,16046.5363113795,17359.7333913588,0.999935992140716,0.99990820838408,0.0847457627118644,0.0535714285714286,1.5819209039548,0.135593220338983,0.107142857142857,1.26553672316384,0.769481639279462,NA,NA,NA,NA,0.856751818039566,0.97225145747172,NA
"Acy3",0.800246632854507,0.836690992106143,1.44245652400665,2.07756829507969,11459.6490908309,15533.608214093,0.999874143181036,0.999866271220712,0.203389830508475,0.196428571428571,1.03543913713405,0.288135593220339,0.339285714285714,0.849241748438894,0.769199956335228,NA,NA,NA,NA,0.856818909889399,0.97225145747172,NA
"Atp6v1a",0.438536333062286,0.528154827324859,2.08293360854731,2.04365252926336,17457.6167841794,13397.0845351789,0.999880700490718,0.999847478694089,0.949152542372881,0.571428571428571,1.66101694915254,1.16949152542373,0.964285714285714,1.21280602636535,0.766465822062514,NA,NA,NA,NA,0.857469983893009,0.972315026843287,NA
"Csrp1",0.421264650246294,0.516845253276171,2.10863337545476,2.18060866782504,10071.4137144032,12585.4124919282,0.999790675664117,0.999826765240154,0.915254237288136,0.625,1.46440677966102,1.22033898305085,1.05357142857143,1.15828784831945,0.763536155265797,NA,NA,NA,NA,0.858167318646628,0.972430928341602,NA
"Grhpr",0.535027291980027,0.62972149307871,1.82259745932817,2.02550238871643,11926.3816091007,16352.6008356068,0.999847202694742,0.999876151105696,0.644067796610169,0.446428571428571,1.44271186440678,0.847457627118644,0.75,1.12994350282486,0.756788652089199,NA,NA,NA,NA,0.859772183609313,0.973574322950532,NA
"Mxra8",0.694288078182135,0.626207267543104,1.49692271041116,1.6720498168824,16883.679618171,10333.2945488028,0.999911346931624,0.999838214298912,0.305084745762712,0.321428571428571,0.949152542372881,0.457627118644068,0.625,0.732203389830508,0.751236602133702,NA,NA,NA,NA,0.861091413561246,0.974392915345621,NA
"Pard3b",0.652884512388138,0.699430541260369,1.31836992748731,1.78233103042655,18761.8460132806,13597.159761288,0.999929736269397,0.999868936052648,0.338983050847458,0.285714285714286,1.1864406779661,0.457627118644068,0.535714285714286,0.854237288135593,0.748663673983401,NA,NA,NA,NA,0.861702361512267,0.974409452395187,NA
"N4bp3",0.829907116309544,0.827424189349123,1.1957576559944,1.75906133902174,10126.3118833904,14103.6517775183,0.99988192972068,0.999875291733143,0.135593220338983,0.160714285714286,0.843691148775894,0.203389830508475,0.303571428571429,0.669990029910269,0.731271124642674,NA,NA,NA,NA,0.865825167463448,0.978356383902994,NA
"Cryl1",0.924754816706831,0.916303359367223,1.12626076083587,1.92019991432686,17678.367617983,10284.5978331122,0.999936295644629,0.999813328484123,0.0677966101694915,0.0892857142857143,0.759322033898305,0.0847457627118644,0.160714285714286,0.527306967984934,0.728882979477419,NA,NA,NA,NA,0.866390261632577,0.978356383902994,NA
"Cd83",0.904873218368801,0.865535609842088,1.24721641165615,1.59362426051418,18518.3783016594,16333.0833891109,0.999932654339558,0.999902439193673,0.0677966101694915,0.107142857142857,0.632768361581921,0.11864406779661,0.214285714285714,0.553672316384181,0.707821372657435,NA,NA,NA,NA,0.871362759552056,0.982489620497231,NA
"Fam105a",0.904873218368801,0.865535609842088,1.24721641165615,1.59362426051418,18518.3783016594,16333.0833891109,0.999932654339558,0.999902439193673,0.0677966101694915,0.107142857142857,0.632768361581921,0.11864406779661,0.214285714285714,0.553672316384181,0.707821372657435,NA,NA,NA,NA,0.871362759552056,0.982489620497231,NA
"Hrsp12",0.326894486316686,0.422690036461234,1.93890068730094,2.01055647254787,14332.0922295846,13068.31252741,0.999864734444227,0.999846173927022,0.949152542372881,0.678571428571429,1.39875111507583,1.30508474576271,1.16071428571429,1.12438070404172,0.705734502754694,NA,NA,NA,NA,0.871854314394728,0.982489620497231,NA
"Mep1a",0.957457465238639,0.981012730883061,1.59362620187444,2.82143937142338,13147.598377191,17320.8914117069,0.999878804248849,0.99983713425663,0.0338983050847458,0.0357142857142857,0.949152542372881,0.0677966101694915,0.0535714285714286,1.26553672316384,0.685343999797439,NA,NA,NA,NA,0.87664565428989,0.987208131708945,NA
"Slc5a3",0.715506529034784,0.789545592482466,1.48941450588373,1.44245673994291,15701.7490149831,11129.5540494059,0.999905152398177,0.999870410817293,0.288135593220339,0.160714285714286,1.79284369114878,0.423728813559322,0.303571428571429,1.39581256231306,0.669642073744228,NA,NA,NA,NA,0.880320127288918,0.990663283739733,NA
"Rprm",0.963956278214144,0.977589252421494,2.82144450820054,1.59362454940461,12695.8407280705,17664.4456822982,0.999777815610034,0.999909791633443,0.0847457627118644,0.0178571428571429,4.74576271186441,0.101694915254237,0.0357142857142857,2.84745762711864,0.655716845992359,NA,NA,NA,NA,0.88356697069434,0.993446992745055,NA
"Cpq",0.642724262972489,0.677910654064065,1.09111941346116,1.49692270829895,18622.6749691338,13409.7630432675,0.999941412525894,0.999888383141323,0.271186440677966,0.25,1.08474576271186,0.389830508474576,0.482142857142857,0.808537350910232,0.653813961050446,NA,NA,NA,NA,0.884009747522222,0.993446992745055,NA
"Map1b",0.601887941141437,0.581516903954284,2.29898634875562,1.92020044431418,47.2349375938314,14883.6135126574,0.953587639222358,0.999871002244103,0.677966101694915,0.446428571428571,1.51864406779661,0.915254237288136,0.803571428571429,1.13898305084746,0.646927948693246,NA,NA,NA,NA,0.885610157394395,0.994561510091025,NA
"Shd",0.867993411801254,0.865535609842088,1.02717018518171,1.59362426051418,16046.5363113795,16333.0833891109,0.999935992140716,0.999902439193673,0.0847457627118644,0.107142857142857,0.790960451977401,0.135593220338983,0.214285714285714,0.632768361581921,0.636144351703663,NA,NA,NA,NA,0.888110353557041,0.995831696237258,NA
"Crabp1",0.867993412762365,0.865535609842088,1.027170106368,1.59362426051418,18967.9093478751,16333.0833891109,0.999945849884341,0.999902439193673,0.101694915254237,0.107142857142857,0.949152542372881,0.135593220338983,0.214285714285714,0.632768361581921,0.636073777139629,NA,NA,NA,NA,0.888126691400613,0.995831696237258,NA
"Flna",0.228352689214334,0.310340843656478,2.10862996819139,2.12320222618818,10531.4311903141,16599.1838100952,0.99979981753483,0.999872106321231,1.30508474576271,0.875,1.49152542372881,1.6271186440678,1.46428571428571,1.11120297643654,0.629306230684108,NA,NA,NA,NA,0.889691816095324,0.995831696237258,NA
"Pdzk1",0.883673223619871,0.932767804815503,0.874217283445388,1.59362426127945,13868.1535804443,17359.7333913588,0.999936966217373,0.99990820838408,0.0677966101694915,0.0535714285714286,1.26553672316384,0.101694915254237,0.107142857142857,0.949152542372881,0.614496021370357,NA,NA,NA,NA,0.893105969694014,0.995831696237258,NA
"Klf4",0.883673223619871,0.932767804815503,0.874217283445388,1.59362426127945,13868.1535804443,17359.7333913588,0.999936966217373,0.99990820838408,0.0677966101694915,0.0535714285714286,1.26553672316384,0.101694915254237,0.107142857142857,0.949152542372881,0.614496021370357,NA,NA,NA,NA,0.893105969694014,0.995831696237258,NA
"Klf2",0.883673223619871,0.932767804815503,0.874217283445388,1.59362426127945,13868.1535804443,17359.7333913588,0.999936966217373,0.99990820838408,0.0677966101694915,0.0535714285714286,1.26553672316384,0.101694915254237,0.107142857142857,0.949152542372881,0.614496021370357,NA,NA,NA,NA,0.893105969694014,0.995831696237258,NA
"Aif1",0.883673223619871,0.932767804815503,0.874217283445388,1.59362426127945,13868.1535804443,17359.7333913588,0.999936966217373,0.99990820838408,0.0677966101694915,0.0535714285714286,1.26553672316384,0.101694915254237,0.107142857142857,0.949152542372881,0.614496021370357,NA,NA,NA,NA,0.893105969694014,0.995831696237258,NA
"Nabp1",0.849509579555632,0.910357071354275,1.12626123183619,1.59362425349846,11543.8033789358,11291.6473704941,0.999902445379319,0.99985888689932,0.101694915254237,0.0714285714285714,1.42372881355932,0.169491525423729,0.142857142857143,1.1864406779661,0.613376695631871,NA,NA,NA,NA,0.893363372702692,0.995831696237258,NA
"Gadd45a",0.687699085756774,0.766166458373194,1.68242776002638,1.83280565519639,17851.1995207223,14337.0623449402,0.999905761559121,0.999872179436704,0.322033898305085,0.232142857142857,1.38722294654498,0.525423728813559,0.428571428571429,1.22598870056497,0.613234327477414,NA,NA,NA,NA,0.893396105547745,0.995831696237258,NA
"Glipr2",0.941836822089159,0.932767804815503,0.874221003813324,1.59362426127945,14493.8997254545,17359.7333913588,0.999939687158486,0.99990820838408,0.0338983050847458,0.0535714285714286,0.632768361581921,0.0508474576271186,0.107142857142857,0.474576271186441,0.612679621501684,NA,NA,NA,NA,0.893523627802531,0.995831696237258,NA
"Fam13a",0.941836822089159,0.932767804815503,0.874221003813324,1.59362426127945,14493.8997254545,17359.7333913588,0.999939687158486,0.99990820838408,0.0338983050847458,0.0535714285714286,0.632768361581921,0.0508474576271186,0.107142857142857,0.474576271186441,0.612679621501684,NA,NA,NA,NA,0.893523627802531,0.995831696237258,NA
"Nceh1",0.91491525894169,0.955178537224486,1.59362681775956,1.5936242269606,11854.182604989,10501.3273580076,0.999865582245599,0.999848268474108,0.0847457627118644,0.0357142857142857,2.3728813559322,0.135593220338983,0.0714285714285714,1.89830508474576,0.610369224074603,NA,NA,NA,NA,0.894054527772373,0.995831696237258,NA
"F3",0.883673223619871,0.910357071354275,0.874217283445388,1.59362425349846,13868.1535804443,11291.6473704941,0.999936966217373,0.99985888689932,0.0677966101694915,0.0714285714285714,0.949152542372881,0.101694915254237,0.142857142857143,0.711864406779661,0.592912448133745,NA,NA,NA,NA,0.898052972490294,0.998834210641253,NA
"Loxl1",0.883673223619871,0.910357071354275,0.874217283445388,1.59362425349846,13868.1535804443,11291.6473704941,0.999936966217373,0.99985888689932,0.0677966101694915,0.0714285714285714,0.949152542372881,0.101694915254237,0.142857142857143,0.711864406779661,0.592912448133745,NA,NA,NA,NA,0.898052972490294,0.998834210641253,NA
"Rasl11b",0.793028157779878,0.843124879887784,1.06458434495561,1.59362426252226,11647.7596796003,18608.1558859463,0.999908610146326,0.999914366162659,0.169491525423729,0.125,1.35593220338983,0.220338983050847,0.25,0.88135593220339,0.590586222876453,NA,NA,NA,NA,0.898584020589132,0.998834210641253,NA
"Rcan1",0.809746548081998,0.827424189349123,1.24722207089046,1.75906133902174,10184.3176776207,14103.6517775183,0.999877550034468,0.999875291733143,0.169491525423729,0.160714285714286,1.05461393596987,0.23728813559322,0.303571428571429,0.781655034895314,0.524142923384773,NA,NA,NA,NA,0.913556188574548,0.999986636758114,NA
"Hgsnat",0.774264383190306,0.820714173157125,1.12626107313847,1.59362533327404,10443.266403124,16172.048404557,0.99989216595839,0.99990146775041,0.152542372881356,0.142857142857143,1.06779661016949,0.254237288135593,0.285714285714286,0.889830508474576,0.50948958864825,NA,NA,NA,NA,0.916801698715321,0.999986636758114,NA
"4631405K08Rik",0.941836822089159,0.977589252421494,0.874221003813324,1.59362454940461,14493.8997254545,17664.4456822982,0.999939687158486,0.999909791633443,0.0338983050847458,0.0178571428571429,1.89830508474576,0.0508474576271186,0.0357142857142857,1.42372881355932,0.501469775819295,NA,NA,NA,NA,0.918568389862792,0.999986636758114,NA
"Ace2",0.941836822089159,0.977589252421494,0.874221003813324,1.59362454940461,14493.8997254545,17664.4456822982,0.999939687158486,0.999909791633443,0.0338983050847458,0.0178571428571429,1.89830508474576,0.0508474576271186,0.0357142857142857,1.42372881355932,0.501469775819295,NA,NA,NA,NA,0.918568389862792,0.999986636758114,NA
"P2ry14",0.941836822089159,0.977589252421494,0.874221003813324,1.59362454940461,14493.8997254545,17664.4456822982,0.999939687158486,0.999909791633443,0.0338983050847458,0.0178571428571429,1.89830508474576,0.0508474576271186,0.0357142857142857,1.42372881355932,0.501469775819295,NA,NA,NA,NA,0.918568389862792,0.999986636758114,NA
"Fmo5",0.941836822089159,0.977589252421494,0.874221003813324,1.59362454940461,14493.8997254545,17664.4456822982,0.999939687158486,0.999909791633443,0.0338983050847458,0.0178571428571429,1.89830508474576,0.0508474576271186,0.0357142857142857,1.42372881355932,0.501469775819295,NA,NA,NA,NA,0.918568389862792,0.999986636758114,NA
"Grrp1",0.941836822089159,0.977589252421494,0.874221003813324,1.59362454940461,14493.8997254545,17664.4456822982,0.999939687158486,0.999909791633443,0.0338983050847458,0.0178571428571429,1.89830508474576,0.0508474576271186,0.0357142857142857,1.42372881355932,0.501469775819295,NA,NA,NA,NA,0.918568389862792,0.999986636758114,NA
"Lrrc17",0.941836822089159,0.977589252421494,0.874221003813324,1.59362454940461,14493.8997254545,17664.4456822982,0.999939687158486,0.999909791633443,0.0338983050847458,0.0178571428571429,1.89830508474576,0.0508474576271186,0.0357142857142857,1.42372881355932,0.501469775819295,NA,NA,NA,NA,0.918568389862792,0.999986636758114,NA
"Hs3st1",0.941836822089159,0.977589252421494,0.874221003813324,1.59362454940461,14493.8997254545,17664.4456822982,0.999939687158486,0.999909791633443,0.0338983050847458,0.0178571428571429,1.89830508474576,0.0508474576271186,0.0357142857142857,1.42372881355932,0.501469775819295,NA,NA,NA,NA,0.918568389862792,0.999986636758114,NA
"Sod3",0.941836822089159,0.977589252421494,0.874221003813324,1.59362454940461,14493.8997254545,17664.4456822982,0.999939687158486,0.999909791633443,0.0338983050847458,0.0178571428571429,1.89830508474576,0.0508474576271186,0.0357142857142857,1.42372881355932,0.501469775819295,NA,NA,NA,NA,0.918568389862792,0.999986636758114,NA
"Eln",0.941836822089159,0.977589252421494,0.874221003813324,1.59362454940461,14493.8997254545,17664.4456822982,0.999939687158486,0.999909791633443,0.0338983050847458,0.0178571428571429,1.89830508474576,0.0508474576271186,0.0357142857142857,1.42372881355932,0.501469775819295,NA,NA,NA,NA,0.918568389862792,0.999986636758114,NA
"Lgals7",0.941836822089159,0.977589252421494,0.874221003813324,1.59362454940461,14493.8997254545,17664.4456822982,0.999939687158486,0.999909791633443,0.0338983050847458,0.0178571428571429,1.89830508474576,0.0508474576271186,0.0357142857142857,1.42372881355932,0.501469775819295,NA,NA,NA,NA,0.918568389862792,0.999986636758114,NA
"RP24-64C6.3",0.941836822089159,0.977589252421494,0.874221003813324,1.59362454940461,14493.8997254545,17664.4456822982,0.999939687158486,0.999909791633443,0.0338983050847458,0.0178571428571429,1.89830508474576,0.0508474576271186,0.0357142857142857,1.42372881355932,0.501469775819295,NA,NA,NA,NA,0.918568389862792,0.999986636758114,NA
"P2ry6",0.941836822089159,0.977589252421494,0.874221003813324,1.59362454940461,14493.8997254545,17664.4456822982,0.999939687158486,0.999909791633443,0.0338983050847458,0.0178571428571429,1.89830508474576,0.0508474576271186,0.0357142857142857,1.42372881355932,0.501469775819295,NA,NA,NA,NA,0.918568389862792,0.999986636758114,NA
"Col6a1",0.941836822089159,0.977589252421494,0.874221003813324,1.59362454940461,14493.8997254545,17664.4456822982,0.999939687158486,0.999909791633443,0.0338983050847458,0.0178571428571429,1.89830508474576,0.0508474576271186,0.0357142857142857,1.42372881355932,0.501469775819295,NA,NA,NA,NA,0.918568389862792,0.999986636758114,NA
"Smim24",0.941836822089159,0.977589252421494,0.874221003813324,1.59362454940461,14493.8997254545,17664.4456822982,0.999939687158486,0.999909791633443,0.0338983050847458,0.0178571428571429,1.89830508474576,0.0508474576271186,0.0357142857142857,1.42372881355932,0.501469775819295,NA,NA,NA,NA,0.918568389862792,0.999986636758114,NA
"Lgals3",0.941836822089159,0.977589252421494,0.874221003813324,1.59362454940461,14493.8997254545,17664.4456822982,0.999939687158486,0.999909791633443,0.0338983050847458,0.0178571428571429,1.89830508474576,0.0508474576271186,0.0357142857142857,1.42372881355932,0.501469775819295,NA,NA,NA,NA,0.918568389862792,0.999986636758114,NA
"Aspn",0.941836822089159,0.977589252421494,0.874221003813324,1.59362454940461,14493.8997254545,17664.4456822982,0.999939687158486,0.999909791633443,0.0338983050847458,0.0178571428571429,1.89830508474576,0.0508474576271186,0.0357142857142857,1.42372881355932,0.501469775819295,NA,NA,NA,NA,0.918568389862792,0.999986636758114,NA
"Clec14a",0.941836822089159,0.977589252421494,0.874221003813324,1.59362454940461,14493.8997254545,17664.4456822982,0.999939687158486,0.999909791633443,0.0338983050847458,0.0178571428571429,1.89830508474576,0.0508474576271186,0.0357142857142857,1.42372881355932,0.501469775819295,NA,NA,NA,NA,0.918568389862792,0.999986636758114,NA
"Upk1b",0.941836822089159,0.977589252421494,0.874221003813324,1.59362454940461,14493.8997254545,17664.4456822982,0.999939687158486,0.999909791633443,0.0338983050847458,0.0178571428571429,1.89830508474576,0.0508474576271186,0.0357142857142857,1.42372881355932,0.501469775819295,NA,NA,NA,NA,0.918568389862792,0.999986636758114,NA
"Tmem45a",0.941836822089159,0.977589252421494,0.874221003813324,1.59362454940461,14493.8997254545,17664.4456822982,0.999939687158486,0.999909791633443,0.0338983050847458,0.0178571428571429,1.89830508474576,0.0508474576271186,0.0357142857142857,1.42372881355932,0.501469775819295,NA,NA,NA,NA,0.918568389862792,0.999986636758114,NA
"Tmem204",0.941836822089159,0.977589252421494,0.874221003813324,1.59362454940461,14493.8997254545,17664.4456822982,0.999939687158486,0.999909791633443,0.0338983050847458,0.0178571428571429,1.89830508474576,0.0508474576271186,0.0357142857142857,1.42372881355932,0.501469775819295,NA,NA,NA,NA,0.918568389862792,0.999986636758114,NA
"Pacsin1",0.941836822089159,0.977589252421494,0.874221003813324,1.59362454940461,14493.8997254545,17664.4456822982,0.999939687158486,0.999909791633443,0.0338983050847458,0.0178571428571429,1.89830508474576,0.0508474576271186,0.0357142857142857,1.42372881355932,0.501469775819295,NA,NA,NA,NA,0.918568389862792,0.999986636758114,NA
"Slc22a6",0.941836822089159,0.977589252421494,0.874221003813324,1.59362454940461,14493.8997254545,17664.4456822982,0.999939687158486,0.999909791633443,0.0338983050847458,0.0178571428571429,1.89830508474576,0.0508474576271186,0.0357142857142857,1.42372881355932,0.501469775819295,NA,NA,NA,NA,0.918568389862792,0.999986636758114,NA
"Pdlim1",0.941836822089159,0.977589252421494,0.874221003813324,1.59362454940461,14493.8997254545,17664.4456822982,0.999939687158486,0.999909791633443,0.0338983050847458,0.0178571428571429,1.89830508474576,0.0508474576271186,0.0357142857142857,1.42372881355932,0.501469775819295,NA,NA,NA,NA,0.918568389862792,0.999986636758114,NA
"Hoga1",0.941836822089159,0.977589252421494,0.874221003813324,1.59362454940461,14493.8997254545,17664.4456822982,0.999939687158486,0.999909791633443,0.0338983050847458,0.0178571428571429,1.89830508474576,0.0508474576271186,0.0357142857142857,1.42372881355932,0.501469775819295,NA,NA,NA,NA,0.918568389862792,0.999986636758114,NA
"Akr7a5",0.086993191048817,0.126585623910874,2.93312849657561,2.82143938536872,16781.8452935276,15217.4273145865,0.999825250687091,0.999814625934768,2.1864406779661,1.66071428571429,1.31656642974303,2.67796610169492,2.46428571428571,1.08671088184721,0.494389347982406,NA,NA,NA,NA,0.920122307130241,0.999986636758114,NA
"Pfn2",0.322705963105144,0.288057283833618,2.60258066406152,2.3326514533238,15922.7445001935,15476.5402995941,0.999836576204534,0.999849300949707,1.40677966101695,1.03571428571429,1.35827001753361,1.76271186440678,1.66071428571429,1.06141789684709,0.485454945111485,NA,NA,NA,NA,0.922075077935495,0.999986636758114,NA
"Acox1",0.717902871806962,0.744941947750112,1.08148830433955,1.47025352858554,15345.1781415363,10016.4367735216,0.999929527563691,0.999853237455227,0.220338983050847,0.196428571428571,1.12172573189522,0.305084745762712,0.375,0.813559322033898,0.476176606860378,NA,NA,NA,NA,0.924093253237252,0.999986636758114,NA
"Dusp2",0.8511015757127,0.805109263319482,1.59362426174808,1.74090219088278,14574.7653126018,19444.4166282836,0.999890670621611,0.999910475774551,0.152542372881356,0.178571428571429,0.854237288135593,0.23728813559322,0.339285714285714,0.699375557537913,0.463662043654125,NA,NA,NA,NA,0.926799019105968,0.999986636758114,NA
"Nos1",0.867993411801254,0.910357071354275,1.02717018518171,1.59362425349846,16046.5363113795,11291.6473704941,0.999935992140716,0.99985888689932,0.101694915254237,0.0714285714285714,1.42372881355932,0.135593220338983,0.142857142857143,0.949152542372881,0.460443478290344,NA,NA,NA,NA,0.927491781534997,0.999986636758114,NA
"Acadl",0.50859770198366,0.568008419274833,1.7590613287458,2.02550243617032,14950.2720682976,12776.7802778296,0.999882353018563,0.999841495170128,0.677966101694915,0.5,1.35593220338983,0.864406779661017,0.875,0.987893462469734,0.451726529435177,NA,NA,NA,NA,0.929361417456616,0.999986636758114,NA
"Fbln5",0.884295063592275,0.916303359367223,1.31837393934346,1.92019991432686,13488.2241179261,10284.5978331122,0.999902266964196,0.999813328484123,0.101694915254237,0.0892857142857143,1.13898305084746,0.152542372881356,0.160714285714286,0.949152542372881,0.446456296626252,NA,NA,NA,NA,0.930487025592286,0.999986636758114,NA
"Igfbp3",0.867993411801254,0.887946338822034,1.02717018518171,1.59362424455655,16046.5363113795,10120.585122111,0.999935992140716,0.999842561143753,0.11864406779661,0.0892857142857143,1.32881355932203,0.135593220338983,0.178571428571429,0.759322033898305,0.441094169614829,NA,NA,NA,NA,0.931628491668268,0.999986636758114,NA
"BC026585",0.808559173328622,0.760431622604686,1.593624259874,1.71439274351308,17102.330846395,17537.9249620671,0.999906826982158,0.999902256100662,0.203389830508475,0.232142857142857,0.876140808344198,0.305084745762712,0.410714285714286,0.742815033161386,0.418048250498884,NA,NA,NA,NA,0.936489425083315,0.999986636758114,NA
"Cgref1",0.924754816706831,0.910357071354275,1.12626076083587,1.59362425349846,17678.367617983,11291.6473704941,0.999936295644629,0.99985888689932,0.0508474576271186,0.0714285714285714,0.711864406779661,0.0847457627118644,0.142857142857143,0.593220338983051,0.408011930514661,NA,NA,NA,NA,0.938582489741754,0.999986636758114,NA
"Lgals9",0.924754816706831,0.910357071354275,1.12626076083587,1.59362425349846,17678.367617983,11291.6473704941,0.999936295644629,0.99985888689932,0.0508474576271186,0.0714285714285714,0.711864406779661,0.0847457627118644,0.142857142857143,0.593220338983051,0.408011930514661,NA,NA,NA,NA,0.938582489741754,0.999986636758114,NA
"Ackr3",0.962024865218847,0.977589252421494,2.23161098275173,1.59362454940461,15714.5497359327,17664.4456822982,0.999858010941713,0.999909791633443,0.0677966101694915,0.0178571428571429,3.79661016949153,0.0847457627118644,0.0357142857142857,2.3728813559322,0.40605692223096,NA,NA,NA,NA,0.938988453873957,0.999986636758114,NA
"Ecm1",0.962024865218847,0.977589252421494,2.23161098275173,1.59362454940461,15714.5497359327,17664.4456822982,0.999858010941713,0.999909791633443,0.0508474576271186,0.0178571428571429,2.84745762711864,0.0847457627118644,0.0357142857142857,2.3728813559322,0.40605692223096,NA,NA,NA,NA,0.938988453873957,0.999986636758114,NA
"Sulf1",0.978728817498051,0.955178537224486,1.59362431512217,1.5936242269606,15920.2853760251,10501.3273580076,0.99989990978357,0.999848268474108,0.0169491525423729,0.0357142857142857,0.474576271186441,0.0338983050847458,0.0714285714285714,0.474576271186441,0.40435316555071,NA,NA,NA,NA,0.939341771879234,0.999986636758114,NA
"Zeb2os",0.978728817498051,0.955178537224486,1.59362431512217,1.5936242269606,15920.2853760251,10501.3273580076,0.99989990978357,0.999848268474108,0.0169491525423729,0.0357142857142857,0.474576271186441,0.0338983050847458,0.0714285714285714,0.474576271186441,0.40435316555071,NA,NA,NA,NA,0.939341771879234,0.999986636758114,NA
"F8",0.978728817498051,0.955178537224486,1.59362431512217,1.5936242269606,15920.2853760251,10501.3273580076,0.99989990978357,0.999848268474108,0.0169491525423729,0.0357142857142857,0.474576271186441,0.0338983050847458,0.0714285714285714,0.474576271186441,0.40435316555071,NA,NA,NA,NA,0.939341771879234,0.999986636758114,NA
"Rab25",0.978728817498051,0.955178537224486,1.59362431512217,1.5936242269606,15920.2853760251,10501.3273580076,0.99989990978357,0.999848268474108,0.0169491525423729,0.0357142857142857,0.474576271186441,0.0338983050847458,0.0714285714285714,0.474576271186441,0.40435316555071,NA,NA,NA,NA,0.939341771879234,0.999986636758114,NA
"S100a8",0.978728817498051,0.955178537224486,1.59362431512217,1.5936242269606,15920.2853760251,10501.3273580076,0.99989990978357,0.999848268474108,0.0169491525423729,0.0357142857142857,0.474576271186441,0.0338983050847458,0.0714285714285714,0.474576271186441,0.40435316555071,NA,NA,NA,NA,0.939341771879234,0.999986636758114,NA
"Cfi",0.978728817498051,0.955178537224486,1.59362431512217,1.5936242269606,15920.2853760251,10501.3273580076,0.99989990978357,0.999848268474108,0.0169491525423729,0.0357142857142857,0.474576271186441,0.0338983050847458,0.0714285714285714,0.474576271186441,0.40435316555071,NA,NA,NA,NA,0.939341771879234,0.999986636758114,NA
"Pappa",0.978728817498051,0.955178537224486,1.59362431512217,1.5936242269606,15920.2853760251,10501.3273580076,0.99989990978357,0.999848268474108,0.0169491525423729,0.0357142857142857,0.474576271186441,0.0338983050847458,0.0714285714285714,0.474576271186441,0.40435316555071,NA,NA,NA,NA,0.939341771879234,0.999986636758114,NA
"Tac2",0.978728817498051,0.955178537224486,1.59362431512217,1.5936242269606,15920.2853760251,10501.3273580076,0.99989990978357,0.999848268474108,0.0169491525423729,0.0357142857142857,0.474576271186441,0.0338983050847458,0.0714285714285714,0.474576271186441,0.40435316555071,NA,NA,NA,NA,0.939341771879234,0.999986636758114,NA
"Angpt2",0.978728817498051,0.955178537224486,1.59362431512217,1.5936242269606,15920.2853760251,10501.3273580076,0.99989990978357,0.999848268474108,0.0169491525423729,0.0357142857142857,0.474576271186441,0.0338983050847458,0.0714285714285714,0.474576271186441,0.40435316555071,NA,NA,NA,NA,0.939341771879234,0.999986636758114,NA
"Lacc1",0.978728817498051,0.955178537224486,1.59362431512217,1.5936242269606,15920.2853760251,10501.3273580076,0.99989990978357,0.999848268474108,0.0169491525423729,0.0357142857142857,0.474576271186441,0.0338983050847458,0.0714285714285714,0.474576271186441,0.40435316555071,NA,NA,NA,NA,0.939341771879234,0.999986636758114,NA
"Mir143hg",0.978728817498051,0.955178537224486,1.59362431512217,1.5936242269606,15920.2853760251,10501.3273580076,0.99989990978357,0.999848268474108,0.0169491525423729,0.0357142857142857,0.474576271186441,0.0338983050847458,0.0714285714285714,0.474576271186441,0.40435316555071,NA,NA,NA,NA,0.939341771879234,0.999986636758114,NA
"Cml1",0.747780225969347,0.782776588621482,1.34399872178507,1.7263369585301,14207.6037897804,18516.9618801814,0.999905411805167,0.999906778658494,0.203389830508475,0.196428571428571,1.03543913713405,0.338983050847458,0.375,0.903954802259887,0.381031476131454,NA,NA,NA,NA,0.944132463233145,0.999986636758114,NA
"Msn",0.52400884413757,0.574196098286876,1.70919848884226,1.59362426089713,10616.4549533351,17206.7760996005,0.999839030696418,0.999907392490604,0.627118644067797,0.357142857142857,1.75593220338983,0.813559322033898,0.678571428571429,1.19892952720785,0.381007683229114,NA,NA,NA,NA,0.944137306002484,0.999986636758114,NA
"Aldh4a1",0.684888081028047,0.738076245630055,1.39848079234275,1.70442184699273,14249.0008656819,11793.5039735129,0.99990186374723,0.99985549879325,0.355932203389831,0.232142857142857,1.53324641460235,0.440677966101695,0.446428571428571,0.987118644067797,0.376085377419002,NA,NA,NA,NA,0.94513716031359,0.999986636758114,NA
"Bphl",0.723474281629929,0.704693695141455,1.59362407499512,1.87456690262727,15542.2297921231,11449.5309755137,0.999897475413074,0.999836302461241,0.322033898305085,0.303571428571429,1.06081754735793,0.440677966101695,0.553571428571429,0.79606342263532,0.374494365969952,NA,NA,NA,NA,0.945459470106821,0.999986636758114,NA
"Ldb2",0.957457465238639,0.938286855925688,1.59362620187444,2.02550181232652,13147.598377191,11064.2442511085,0.999878804248849,0.999816966163165,0.0338983050847458,0.0714285714285714,0.474576271186441,0.0677966101694915,0.125,0.542372881355932,0.36299452060809,NA,NA,NA,NA,0.947776256122899,0.999986636758114,NA
"Spink1",0.867993411801254,0.85612330253061,1.02717018518171,1.36525403510275,16046.5363113795,12950.3233840104,0.999935992140716,0.999894588723273,0.0847457627118644,0.107142857142857,0.790960451977401,0.135593220338983,0.196428571428571,0.690292758089368,0.34586201478642,NA,NA,NA,NA,0.951184379214873,0.999986636758114,NA
"Serping1",0.936186404964649,0.899777274306749,1.59362425934849,1.24721888659696,10117.9045646966,18499.2496729289,0.999842519438258,0.999932584573599,0.0677966101694915,0.0714285714285714,0.949152542372881,0.101694915254237,0.125,0.813559322033898,0.318749551709672,NA,NA,NA,NA,0.956464476042734,0.999986636758114,NA
"Nkain4",0.888098555423982,0.920723796820025,0.605860017323186,1.12626119920375,13246.0655873156,16915.0157802247,0.999954263226069,0.999933420918526,0.0508474576271186,0.0535714285714286,0.949152542372881,0.0677966101694915,0.0892857142857143,0.759322033898305,0.307642960635967,NA,NA,NA,NA,0.958584695086192,0.999986636758114,NA
"Isg15",0.924754816706831,0.955178537224486,1.12626076083587,1.5936242269606,17678.367617983,10501.3273580076,0.999936295644629,0.999848268474108,0.0508474576271186,0.0357142857142857,1.42372881355932,0.0847457627118644,0.0714285714285714,1.1864406779661,0.299282943861357,NA,NA,NA,NA,0.960163282769713,0.999986636758114,NA
"Actr3b",0.924754816706831,0.955178537224486,1.12626076083587,1.5936242269606,17678.367617983,10501.3273580076,0.999936295644629,0.999848268474108,0.0508474576271186,0.0357142857142857,1.42372881355932,0.0847457627118644,0.0714285714285714,1.1864406779661,0.299282943861357,NA,NA,NA,NA,0.960163282769713,0.999986636758114,NA
"Pdgfra",0.924754816706831,0.955178537224486,1.12626076083587,1.5936242269606,17678.367617983,10501.3273580076,0.999936295644629,0.999848268474108,0.0508474576271186,0.0357142857142857,1.42372881355932,0.0847457627118644,0.0714285714285714,1.1864406779661,0.299282943861357,NA,NA,NA,NA,0.960163282769713,0.999986636758114,NA
"Egflam",0.924754816706831,0.955178537224486,1.12626076083587,1.5936242269606,17678.367617983,10501.3273580076,0.999936295644629,0.999848268474108,0.0677966101694915,0.0357142857142857,1.89830508474576,0.0847457627118644,0.0714285714285714,1.1864406779661,0.299282943861357,NA,NA,NA,NA,0.960163282769713,0.999986636758114,NA
"Hbegf",0.924754816706831,0.955178537224486,1.12626076083587,1.5936242269606,17678.367617983,10501.3273580076,0.999936295644629,0.999848268474108,0.0508474576271186,0.0357142857142857,1.42372881355932,0.0847457627118644,0.0714285714285714,1.1864406779661,0.299282943861357,NA,NA,NA,NA,0.960163282769713,0.999986636758114,NA
"Rab33a",0.957457465238639,0.977589252421494,1.59362620187444,1.59362454940461,13147.598377191,17664.4456822982,0.999878804248849,0.999909791633443,0.0338983050847458,0.0178571428571429,1.89830508474576,0.0677966101694915,0.0357142857142857,1.89830508474576,0.297234688311178,NA,NA,NA,NA,0.960547719124239,0.999986636758114,NA
"Ehd2",0.957457465238639,0.977589252421494,1.59362620187444,1.59362454940461,13147.598377191,17664.4456822982,0.999878804248849,0.999909791633443,0.0338983050847458,0.0178571428571429,1.89830508474576,0.0677966101694915,0.0357142857142857,1.89830508474576,0.297234688311178,NA,NA,NA,NA,0.960547719124239,0.999986636758114,NA
"Tgfb1",0.957457465238639,0.977589252421494,1.59362620187444,1.59362454940461,13147.598377191,17664.4456822982,0.999878804248849,0.999909791633443,0.0338983050847458,0.0178571428571429,1.89830508474576,0.0677966101694915,0.0357142857142857,1.89830508474576,0.297234688311178,NA,NA,NA,NA,0.960547719124239,0.999986636758114,NA
"Lrriq1",0.957457465238639,0.977589252421494,1.59362620187444,1.59362454940461,13147.598377191,17664.4456822982,0.999878804248849,0.999909791633443,0.0338983050847458,0.0178571428571429,1.89830508474576,0.0677966101694915,0.0357142857142857,1.89830508474576,0.297234688311178,NA,NA,NA,NA,0.960547719124239,0.999986636758114,NA
"Tmigd1",0.957457465238639,0.977589252421494,1.59362620187444,1.59362454940461,13147.598377191,17664.4456822982,0.999878804248849,0.999909791633443,0.0338983050847458,0.0178571428571429,1.89830508474576,0.0677966101694915,0.0357142857142857,1.89830508474576,0.297234688311178,NA,NA,NA,NA,0.960547719124239,0.999986636758114,NA
"Ttyh2",0.957457465238639,0.977589252421494,1.59362620187444,1.59362454940461,13147.598377191,17664.4456822982,0.999878804248849,0.999909791633443,0.0508474576271186,0.0178571428571429,2.84745762711864,0.0677966101694915,0.0357142857142857,1.89830508474576,0.297234688311178,NA,NA,NA,NA,0.960547719124239,0.999986636758114,NA
"Sned1",0.941836822089159,0.955178537224486,0.874221003813324,1.5936242269606,14493.8997254545,10501.3273580076,0.999939687158486,0.999848268474108,0.0338983050847458,0.0357142857142857,0.949152542372881,0.0508474576271186,0.0714285714285714,0.711864406779661,0.296408491304021,NA,NA,NA,NA,0.960702524980058,0.999986636758114,NA
"Npl",0.941836822089159,0.955178537224486,0.874221003813324,1.5936242269606,14493.8997254545,10501.3273580076,0.999939687158486,0.999848268474108,0.0338983050847458,0.0357142857142857,0.949152542372881,0.0508474576271186,0.0714285714285714,0.711864406779661,0.296408491304021,NA,NA,NA,NA,0.960702524980058,0.999986636758114,NA
"Eng",0.941836822089159,0.955178537224486,0.874221003813324,1.5936242269606,14493.8997254545,10501.3273580076,0.999939687158486,0.999848268474108,0.0338983050847458,0.0357142857142857,0.949152542372881,0.0508474576271186,0.0714285714285714,0.711864406779661,0.296408491304021,NA,NA,NA,NA,0.960702524980058,0.999986636758114,NA
"Lmo2",0.941836822089159,0.955178537224486,0.874221003813324,1.5936242269606,14493.8997254545,10501.3273580076,0.999939687158486,0.999848268474108,0.0338983050847458,0.0357142857142857,0.949152542372881,0.0508474576271186,0.0714285714285714,0.711864406779661,0.296408491304021,NA,NA,NA,NA,0.960702524980058,0.999986636758114,NA
"Cysltr1",0.941836822089159,0.955178537224486,0.874221003813324,1.5936242269606,14493.8997254545,10501.3273580076,0.999939687158486,0.999848268474108,0.0338983050847458,0.0357142857142857,0.949152542372881,0.0508474576271186,0.0714285714285714,0.711864406779661,0.296408491304021,NA,NA,NA,NA,0.960702524980058,0.999986636758114,NA
"Pglyrp1",0.941836822089159,0.955178537224486,0.874221003813324,1.5936242269606,14493.8997254545,10501.3273580076,0.999939687158486,0.999848268474108,0.0338983050847458,0.0357142857142857,0.949152542372881,0.0508474576271186,0.0714285714285714,0.711864406779661,0.296408491304021,NA,NA,NA,NA,0.960702524980058,0.999986636758114,NA
"Dll3",0.941836822089159,0.955178537224486,0.874221003813324,1.5936242269606,14493.8997254545,10501.3273580076,0.999939687158486,0.999848268474108,0.0338983050847458,0.0357142857142857,0.949152542372881,0.0508474576271186,0.0714285714285714,0.711864406779661,0.296408491304021,NA,NA,NA,NA,0.960702524980058,0.999986636758114,NA
"Fxyd5",0.941836822089159,0.955178537224486,0.874221003813324,1.5936242269606,14493.8997254545,10501.3273580076,0.999939687158486,0.999848268474108,0.0338983050847458,0.0357142857142857,0.949152542372881,0.0508474576271186,0.0714285714285714,0.711864406779661,0.296408491304021,NA,NA,NA,NA,0.960702524980058,0.999986636758114,NA
"Cxcl16",0.941836822089159,0.955178537224486,0.874221003813324,1.5936242269606,14493.8997254545,10501.3273580076,0.999939687158486,0.999848268474108,0.0508474576271186,0.0357142857142857,1.42372881355932,0.0508474576271186,0.0714285714285714,0.711864406779661,0.296408491304021,NA,NA,NA,NA,0.960702524980058,0.999986636758114,NA
"Ptrf",0.941836822089159,0.955178537224486,0.874221003813324,1.5936242269606,14493.8997254545,10501.3273580076,0.999939687158486,0.999848268474108,0.0338983050847458,0.0357142857142857,0.949152542372881,0.0508474576271186,0.0714285714285714,0.711864406779661,0.296408491304021,NA,NA,NA,NA,0.960702524980058,0.999986636758114,NA
"Arhgap31",0.941836822089159,0.955178537224486,0.874221003813324,1.5936242269606,14493.8997254545,10501.3273580076,0.999939687158486,0.999848268474108,0.0338983050847458,0.0357142857142857,0.949152542372881,0.0508474576271186,0.0714285714285714,0.711864406779661,0.296408491304021,NA,NA,NA,NA,0.960702524980058,0.999986636758114,NA
"Gpx7",0.673062621639286,0.677146480997474,1.50342253648684,1.7699311663132,13251.5652430274,18059.0495535662,0.999886560420501,0.999902001613614,0.355932203389831,0.303571428571429,1.17248255234297,0.491525423728814,0.571428571428571,0.860169491525424,0.271829668984566,NA,NA,NA,NA,0.965236459904429,0.999986636758114,NA
"Fggy",0.957457465238639,0.932767804815503,1.59362620187444,1.59362426127945,13147.598377191,17359.7333913588,0.999878804248849,0.99990820838408,0.0338983050847458,0.0714285714285714,0.474576271186441,0.0677966101694915,0.107142857142857,0.632768361581921,0.268682167083327,NA,NA,NA,NA,0.965806725860823,0.999986636758114,NA
"Etv4",0.0504122620672528,0.0477203061028976,3.319906365107,3.13158145900293,16558.2426918625,11071.4455299007,0.999799541477719,0.999717227897055,2.67796610169492,2.05357142857143,1.30405305821665,3.15254237288136,2.98214285714286,1.05713995737339,0.265663418254235,NA,NA,NA,NA,0.9663513745726,0.999986636758114,NA
"Tmem178",0.941424875621571,0.955178537224486,2.02550319338643,1.5936242269606,10799.4509017354,10501.3273580076,0.999812479042915,0.999848268474108,0.0677966101694915,0.0357142857142857,1.89830508474576,0.11864406779661,0.0714285714285714,1.66101694915254,0.253818779973678,NA,NA,NA,NA,0.968466258228889,0.999986636758114,NA
"Slc3a2",0.324808619785528,0.360978619964022,2.10863004317544,2.0120057803313,17774.3297277687,12250.6682452326,0.999881380623006,0.999835790558546,1.16949152542373,0.75,1.55932203389831,1.42372881355932,1.28571428571429,1.10734463276836,0.244740809419056,NA,NA,NA,NA,0.970062517147234,0.999986636758114,NA
"Fibin",0.91491517674589,0.938286855925688,1.59362381961496,2.02550181232652,16243.7051679929,11064.2442511085,0.99990190246175,0.999816966163165,0.0677966101694915,0.0714285714285714,0.949152542372881,0.135593220338983,0.125,1.08474576271186,0.239599557758567,NA,NA,NA,NA,0.970956748247244,0.999986636758114,NA
"Fzd4",0.52400884413757,0.576713831614084,1.70919848884226,1.85622468886767,10616.4549533351,13814.0888273821,0.999839030696418,0.999865646202133,0.627118644067797,0.446428571428571,1.40474576271186,0.813559322033898,0.785714285714286,1.03543913713405,0.231602911552102,NA,NA,NA,NA,0.972333130906307,0.999986636758114,NA
"Ctsz",0.392411085640867,0.448712493664673,1.81322426189613,1.84632692098019,10821.1565609922,12328.9250095609,0.999832465183044,0.999850266713201,0.830508474576271,0.553571428571429,1.5002733734281,1.10169491525424,1.01785714285714,1.08236693428486,0.230183687307488,NA,NA,NA,NA,0.972575528703403,0.999986636758114,NA
"Rgs2",0.924754816706831,0.899777274306749,1.12626076083587,1.24721888659696,17678.367617983,18499.2496729289,0.999936295644629,0.999932584573599,0.0508474576271186,0.0714285714285714,0.711864406779661,0.0847457627118644,0.125,0.677966101694915,0.227878684096979,NA,NA,NA,NA,0.972967988140889,0.999986636758114,NA
"Slc31a2",0.84244404130972,0.820714173157125,1.39848078974023,1.59362533327404,15749.6327456338,16172.048404557,0.999911213382182,0.99990146775041,0.11864406779661,0.142857142857143,0.830508474576271,0.220338983050847,0.285714285714286,0.771186440677966,0.217983594857273,NA,NA,NA,NA,0.974635211637798,0.999986636758114,NA
"Eaf2",0.924754816706831,0.938720707143103,1.12626076083587,0.874217616744869,17678.367617983,12623.6650009799,0.999936295644629,0.999930752512895,0.0508474576271186,0.0357142857142857,1.42372881355932,0.0847457627118644,0.0535714285714286,1.5819209039548,0.209432468061394,NA,NA,NA,NA,0.976052400452036,0.999986636758114,NA
"Sgk1",0.904873050823223,0.932767804815503,1.24721706870352,1.59362426127945,11044.9124167516,17359.7333913588,0.999887090435948,0.99990820838408,0.0847457627118644,0.0535714285714286,1.5819209039548,0.11864406779661,0.107142857142857,1.10734463276836,0.207637303627394,NA,NA,NA,NA,0.976347059936652,0.999986636758114,NA
"Fuca2",0.904873218368801,0.932767804815503,1.24721641165615,1.59362426127945,18518.3783016594,17359.7333913588,0.999932654339558,0.99990820838408,0.0847457627118644,0.0535714285714286,1.5819209039548,0.11864406779661,0.107142857142857,1.10734463276836,0.207624856949963,NA,NA,NA,NA,0.976349099434098,0.999986636758114,NA
"Cdc42ep2",0.904873218368801,0.932767804815503,1.24721641165615,1.59362426127945,18518.3783016594,17359.7333913588,0.999932654339558,0.99990820838408,0.0677966101694915,0.0535714285714286,1.26553672316384,0.11864406779661,0.107142857142857,1.10734463276836,0.207624856949963,NA,NA,NA,NA,0.976349099434098,0.999986636758114,NA
"Cda",0.924754816706831,0.932767804815503,1.12626076083587,1.59362426127945,17678.367617983,17359.7333913588,0.999936295644629,0.99990820838408,0.0508474576271186,0.0535714285714286,0.949152542372881,0.0847457627118644,0.107142857142857,0.790960451977401,0.176649920180893,NA,NA,NA,NA,0.981267747183335,0.999986636758114,NA
"Sult1d1",0.924754816706831,0.932767804815503,1.12626076083587,1.59362426127945,17678.367617983,17359.7333913588,0.999936295644629,0.99990820838408,0.0508474576271186,0.0535714285714286,0.949152542372881,0.0847457627118644,0.107142857142857,0.790960451977401,0.176649920180893,NA,NA,NA,NA,0.981267747183335,0.999986636758114,NA
"Fam46a",0.924754816706831,0.932767804815503,1.12626076083587,1.59362426127945,17678.367617983,17359.7333913588,0.999936295644629,0.99990820838408,0.0508474576271186,0.0535714285714286,0.949152542372881,0.0847457627118644,0.107142857142857,0.790960451977401,0.176649920180893,NA,NA,NA,NA,0.981267747183335,0.999986636758114,NA
"Fads3",0.924754816706831,0.932767804815503,1.12626076083587,1.59362426127945,17678.367617983,17359.7333913588,0.999936295644629,0.99990820838408,0.0508474576271186,0.0535714285714286,0.949152542372881,0.0847457627118644,0.107142857142857,0.790960451977401,0.176649920180893,NA,NA,NA,NA,0.981267747183335,0.999986636758114,NA
"Ctsa",0.455678238074776,0.484401030528154,1.83714891211759,2.00875843266085,16674.0480013187,16659.9299819479,0.999889832000187,0.999879440294196,0.76271186440678,0.589285714285714,1.29429892141757,1,1.03571428571429,0.96551724137931,0.171501371352178,NA,NA,NA,NA,0.982053269716607,0.999986636758114,NA
"Mafb",0.962024865218847,0.955178537224486,2.23161098275173,1.5936242269606,15714.5497359327,10501.3273580076,0.999858010941713,0.999848268474108,0.0677966101694915,0.0357142857142857,1.89830508474576,0.0847457627118644,0.0714285714285714,1.1864406779661,0.169901514855567,NA,NA,NA,NA,0.982295395936871,0.999986636758114,NA
"Fam181b",0.957457465238639,0.95999049891711,1.59362620187444,2.2316119979075,13147.598377191,10002.757568401,0.999878804248849,0.999776950083836,0.0338983050847458,0.0535714285714286,0.632768361581921,0.0677966101694915,0.0892857142857143,0.759322033898305,0.16983228613644,NA,NA,NA,NA,0.982305851913736,0.999986636758114,NA
"Parp12",0.936186371045514,0.955178537224486,1.59362423334668,1.5936242269606,10879.7713093438,10501.3273580076,0.999853545557651,0.999848268474108,0.0508474576271186,0.0357142857142857,1.42372881355932,0.101694915254237,0.0714285714285714,1.42372881355932,0.15939350153856,NA,NA,NA,NA,0.983861899943149,0.999986636758114,NA
"Gas6",0.936186371045514,0.955178537224486,1.59362423334668,1.5936242269606,10879.7713093438,10501.3273580076,0.999853545557651,0.999848268474108,0.0508474576271186,0.0357142857142857,1.42372881355932,0.101694915254237,0.0714285714285714,1.42372881355932,0.15939350153856,NA,NA,NA,NA,0.983861899943149,0.999986636758114,NA
"Nfia",0.936186404964649,0.955178537224486,1.59362425934849,1.5936242269606,10117.9045646966,10501.3273580076,0.999842519438258,0.999848268474108,0.0677966101694915,0.0357142857142857,1.89830508474576,0.101694915254237,0.0714285714285714,1.42372881355932,0.159320092090731,NA,NA,NA,NA,0.983872695459735,0.999986636758114,NA
"Ptpn18",0.884295059313881,0.910357071354275,1.31837393165456,1.59362425349846,17679.9818396182,11291.6473704941,0.999925436822194,0.99985888689932,0.0847457627118644,0.0714285714285714,1.1864406779661,0.152542372881356,0.142857142857143,1.06779661016949,0.155306944917527,NA,NA,NA,NA,0.984459663129355,0.999986636758114,NA
"Fbn1",0.713417869830886,0.738075584788921,1.59684437242343,1.70442241574261,8.59813934822436,10893.3327686357,0.843369600562544,0.999843559743225,0.389830508474576,0.25,1.55932203389831,0.457627118644068,0.446428571428571,1.02508474576271,0.110237421050954,NA,NA,NA,NA,0.990581211760601,0.999986636758114,NA
"Dvl3",0.849509579555632,0.878096582449708,1.12626123183619,1.3183738986847,11543.8033789358,16285.3815221415,0.999902445379319,0.999919052115708,0.101694915254237,0.0892857142857143,1.13898305084746,0.169491525423729,0.160714285714286,1.05461393596987,0.108604255626219,NA,NA,NA,NA,0.990785258008107,0.999986636758114,NA
"Rhoc",0.35567364873978,0.390260781501997,2.02550273071647,2.10862975308614,16911.1598519894,18193.9784506998,0.999880241203047,0.999884116307876,1.05084745762712,0.767857142857143,1.36854552621206,1.30508474576271,1.28571428571429,1.015065913371,0.107468607413068,NA,NA,NA,NA,0.990926342275738,0.999986636758114,NA
"Sostdc1",0.91491525894169,0.916303359367223,1.59362681775956,1.92019991432686,11854.182604989,10284.5978331122,0.999865582245599,0.999813328484123,0.0847457627118644,0.0892857142857143,0.949152542372881,0.135593220338983,0.160714285714286,0.843691148775894,0.0986451459185957,NA,NA,NA,NA,0.991999514375639,0.999986636758114,NA
"Slc39a8",0.893643985182714,0.910357071354275,1.59362425987574,1.59362425349846,10011.8692963558,11291.6473704941,0.999840851833925,0.99985888689932,0.101694915254237,0.0714285714285714,1.42372881355932,0.169491525423729,0.142857142857143,1.1864406779661,0.0706228711501353,NA,NA,NA,NA,0.99511286754203,0.999986636758114,NA
"Frzb",0.815019004605798,0.810507163306228,1.74090204661158,1.88473155896496,16592.3341981741,10763.2305404999,0.999895088937702,0.999824922305862,0.23728813559322,0.214285714285714,1.10734463276836,0.322033898305085,0.357142857142857,0.901694915254237,0.054209014651633,NA,NA,NA,NA,0.996697261251782,0.999986636758114,NA
"Lrp6",0.326894656726685,0.339062775916259,1.93890119447203,1.99932579214007,10087.9874085569,13928.5844094075,0.999807837923197,0.999856479395972,1.01694915254237,0.767857142857143,1.32439889633425,1.30508474576271,1.32142857142857,0.987631699496106,0.0271814812382445,NA,NA,NA,NA,0.99881780312371,0.999986636758114,NA
"Tmem176a",0.249784765724253,0.259250265700421,1.80739101034923,1.85622655430003,12848.6674889989,10725.8752212826,0.999859352200816,0.999826969330531,1.03389830508475,0.767857142857143,1.34647221127316,1.35593220338983,1.375,0.98613251155624,0.0173968377973779,NA,NA,NA,NA,0.999392902003187,0.999986636758114,NA
"Lgals3bp",0.91491517674589,0.910357071354275,1.59362381961496,1.59362425349846,16243.7051679929,11291.6473704941,0.99990190246175,0.99985888689932,0.0847457627118644,0.0714285714285714,1.1864406779661,0.135593220338983,0.142857142857143,0.949152542372881,0.00602203747720864,NA,NA,NA,NA,0.999875934931004,0.999986636758114,NA
"Tbxas1",0.936186371045514,0.932767804815503,1.59362423334668,1.59362426127945,10879.7713093438,17359.7333913588,0.999853545557651,0.99990820838408,0.0508474576271186,0.0535714285714286,0.949152542372881,0.101694915254237,0.107142857142857,0.949152542372881,0.00414371055086349,NA,NA,NA,NA,0.999929146206009,0.999986636758114,NA
"Aqp1",0.936186371045514,0.932767804815503,1.59362423334668,1.59362426127945,10879.7713093438,17359.7333913588,0.999853545557651,0.99990820838408,0.0508474576271186,0.0535714285714286,0.949152542372881,0.101694915254237,0.107142857142857,0.949152542372881,0.00414371055086349,NA,NA,NA,NA,0.999929146206009,0.999986636758114,NA
"Napsa",0.936186371045514,0.932767804815503,1.59362423334668,1.59362426127945,10879.7713093438,17359.7333913588,0.999853545557651,0.99990820838408,0.0508474576271186,0.0535714285714286,0.949152542372881,0.101694915254237,0.107142857142857,0.949152542372881,0.00414371055086349,NA,NA,NA,NA,0.999929146206009,0.999986636758114,NA
"Cd68",0.936186371045514,0.932767804815503,1.59362423334668,1.59362426127945,10879.7713093438,17359.7333913588,0.999853545557651,0.99990820838408,0.0508474576271186,0.0535714285714286,0.949152542372881,0.101694915254237,0.107142857142857,0.949152542372881,0.00414371055086349,NA,NA,NA,NA,0.999929146206009,0.999986636758114,NA
"Fbp1",0.936186371045514,0.932767804815503,1.59362423334668,1.59362426127945,10879.7713093438,17359.7333913588,0.999853545557651,0.99990820838408,0.0508474576271186,0.0535714285714286,0.949152542372881,0.101694915254237,0.107142857142857,0.949152542372881,0.00414371055086349,NA,NA,NA,NA,0.999929146206009,0.999986636758114,NA
"Zfp536",0.957457465238639,0.955178537224486,1.59362620187444,1.5936242269606,13147.598377191,10501.3273580076,0.999878804248849,0.999848268474108,0.0338983050847458,0.0357142857142857,0.949152542372881,0.0677966101694915,0.0714285714285714,0.949152542372881,0.00280810163603462,NA,NA,NA,NA,0.999960456763971,0.999986636758114,NA
"Sim2",0.957457465238639,0.955178537224486,1.59362620187444,1.5936242269606,13147.598377191,10501.3273580076,0.999878804248849,0.999848268474108,0.0338983050847458,0.0357142857142857,0.949152542372881,0.0677966101694915,0.0714285714285714,0.949152542372881,0.00280810163603462,NA,NA,NA,NA,0.999960456763971,0.999986636758114,NA
"Wnt8b",0.981978185277739,0.981012730883061,2.82143937184934,2.82143937142338,13198.9831520707,17320.8914117069,0.999786283810497,0.99983713425663,0.0338983050847458,0.0357142857142857,0.949152542372881,0.0508474576271186,0.0535714285714286,0.949152542372881,0.00149223875726179,NA,NA,NA,NA,0.999984675656896,0.999986636758114,NA
"Cyp27a1",0.978728817498051,0.977589252421494,1.59362431512217,1.59362454940461,15920.2853760251,17664.4456822982,0.99989990978357,0.999909791633443,0.0169491525423729,0.0178571428571429,0.949152542372881,0.0338983050847458,0.0357142857142857,0.949152542372881,0.00138016405993824,NA,NA,NA,NA,0.999986368769377,0.999986636758114,NA
"Col6a3",0.978728817498051,0.977589252421494,1.59362431512217,1.59362454940461,15920.2853760251,17664.4456822982,0.99989990978357,0.999909791633443,0.0169491525423729,0.0178571428571429,0.949152542372881,0.0338983050847458,0.0357142857142857,0.949152542372881,0.00138016405993824,NA,NA,NA,NA,0.999986368769377,0.999986636758114,NA
"Gm4955",0.978728817498051,0.977589252421494,1.59362431512217,1.59362454940461,15920.2853760251,17664.4456822982,0.99989990978357,0.999909791633443,0.0169491525423729,0.0178571428571429,0.949152542372881,0.0338983050847458,0.0357142857142857,0.949152542372881,0.00138016405993824,NA,NA,NA,NA,0.999986368769377,0.999986636758114,NA
"Clca3a1",0.978728817498051,0.977589252421494,1.59362431512217,1.59362454940461,15920.2853760251,17664.4456822982,0.99989990978357,0.999909791633443,0.0169491525423729,0.0178571428571429,0.949152542372881,0.0338983050847458,0.0357142857142857,0.949152542372881,0.00138016405993824,NA,NA,NA,NA,0.999986368769377,0.999986636758114,NA
"Aqp3",0.978728817498051,0.977589252421494,1.59362431512217,1.59362454940461,15920.2853760251,17664.4456822982,0.99989990978357,0.999909791633443,0.0169491525423729,0.0178571428571429,0.949152542372881,0.0338983050847458,0.0357142857142857,0.949152542372881,0.00138016405993824,NA,NA,NA,NA,0.999986368769377,0.999986636758114,NA
"Fam151a",0.978728817498051,0.977589252421494,1.59362431512217,1.59362454940461,15920.2853760251,17664.4456822982,0.99989990978357,0.999909791633443,0.0169491525423729,0.0178571428571429,0.949152542372881,0.0338983050847458,0.0357142857142857,0.949152542372881,0.00138016405993824,NA,NA,NA,NA,0.999986368769377,0.999986636758114,NA
"Tesc",0.978728817498051,0.977589252421494,1.59362431512217,1.59362454940461,15920.2853760251,17664.4456822982,0.99989990978357,0.999909791633443,0.0169491525423729,0.0178571428571429,0.949152542372881,0.0338983050847458,0.0357142857142857,0.949152542372881,0.00138016405993824,NA,NA,NA,NA,0.999986368769377,0.999986636758114,NA
"Alox5ap",0.978728817498051,0.977589252421494,1.59362431512217,1.59362454940461,15920.2853760251,17664.4456822982,0.99989990978357,0.999909791633443,0.0169491525423729,0.0178571428571429,0.949152542372881,0.0338983050847458,0.0357142857142857,0.949152542372881,0.00138016405993824,NA,NA,NA,NA,0.999986368769377,0.999986636758114,NA
"Dync1i1",0.978728817498051,0.977589252421494,1.59362431512217,1.59362454940461,15920.2853760251,17664.4456822982,0.99989990978357,0.999909791633443,0.0169491525423729,0.0178571428571429,0.949152542372881,0.0338983050847458,0.0357142857142857,0.949152542372881,0.00138016405993824,NA,NA,NA,NA,0.999986368769377,0.999986636758114,NA
"Tmem213",0.978728817498051,0.977589252421494,1.59362431512217,1.59362454940461,15920.2853760251,17664.4456822982,0.99989990978357,0.999909791633443,0.0169491525423729,0.0178571428571429,0.949152542372881,0.0338983050847458,0.0357142857142857,0.949152542372881,0.00138016405993824,NA,NA,NA,NA,0.999986368769377,0.999986636758114,NA
"Gata2",0.978728817498051,0.977589252421494,1.59362431512217,1.59362454940461,15920.2853760251,17664.4456822982,0.99989990978357,0.999909791633443,0.0169491525423729,0.0178571428571429,0.949152542372881,0.0338983050847458,0.0357142857142857,0.949152542372881,0.00138016405993824,NA,NA,NA,NA,0.999986368769377,0.999986636758114,NA
"Usp18",0.978728817498051,0.977589252421494,1.59362431512217,1.59362454940461,15920.2853760251,17664.4456822982,0.99989990978357,0.999909791633443,0.0169491525423729,0.0178571428571429,0.949152542372881,0.0338983050847458,0.0357142857142857,0.949152542372881,0.00138016405993824,NA,NA,NA,NA,0.999986368769377,0.999986636758114,NA
"C3ar1",0.978728817498051,0.977589252421494,1.59362431512217,1.59362454940461,15920.2853760251,17664.4456822982,0.99989990978357,0.999909791633443,0.0169491525423729,0.0178571428571429,0.949152542372881,0.0338983050847458,0.0357142857142857,0.949152542372881,0.00138016405993824,NA,NA,NA,NA,0.999986368769377,0.999986636758114,NA
"Cyp2s1",0.978728817498051,0.977589252421494,1.59362431512217,1.59362454940461,15920.2853760251,17664.4456822982,0.99989990978357,0.999909791633443,0.0169491525423729,0.0178571428571429,0.949152542372881,0.0338983050847458,0.0357142857142857,0.949152542372881,0.00138016405993824,NA,NA,NA,NA,0.999986368769377,0.999986636758114,NA
"Slc7a9",0.978728817498051,0.977589252421494,1.59362431512217,1.59362454940461,15920.2853760251,17664.4456822982,0.99989990978357,0.999909791633443,0.0169491525423729,0.0178571428571429,0.949152542372881,0.0338983050847458,0.0357142857142857,0.949152542372881,0.00138016405993824,NA,NA,NA,NA,0.999986368769377,0.999986636758114,NA
"Lyve1",0.978728817498051,0.977589252421494,1.59362431512217,1.59362454940461,15920.2853760251,17664.4456822982,0.99989990978357,0.999909791633443,0.0169491525423729,0.0178571428571429,0.949152542372881,0.0338983050847458,0.0357142857142857,0.949152542372881,0.00138016405993824,NA,NA,NA,NA,0.999986368769377,0.999986636758114,NA
"Itgal",0.978728817498051,0.977589252421494,1.59362431512217,1.59362454940461,15920.2853760251,17664.4456822982,0.99989990978357,0.999909791633443,0.0169491525423729,0.0178571428571429,0.949152542372881,0.0338983050847458,0.0357142857142857,0.949152542372881,0.00138016405993824,NA,NA,NA,NA,0.999986368769377,0.999986636758114,NA
"Cpxm2",0.978728817498051,0.977589252421494,1.59362431512217,1.59362454940461,15920.2853760251,17664.4456822982,0.99989990978357,0.999909791633443,0.0169491525423729,0.0178571428571429,0.949152542372881,0.0338983050847458,0.0357142857142857,0.949152542372881,0.00138016405993824,NA,NA,NA,NA,0.999986368769377,0.999986636758114,NA
"Pdlim3",0.978728817498051,0.977589252421494,1.59362431512217,1.59362454940461,15920.2853760251,17664.4456822982,0.99989990978357,0.999909791633443,0.0169491525423729,0.0178571428571429,0.949152542372881,0.0338983050847458,0.0357142857142857,0.949152542372881,0.00138016405993824,NA,NA,NA,NA,0.999986368769377,0.999986636758114,NA
"Fam25c",0.978728817498051,0.977589252421494,1.59362431512217,1.59362454940461,15920.2853760251,17664.4456822982,0.99989990978357,0.999909791633443,0.0169491525423729,0.0178571428571429,0.949152542372881,0.0338983050847458,0.0357142857142857,0.949152542372881,0.00138016405993824,NA,NA,NA,NA,0.999986368769377,0.999986636758114,NA
"Lcp1",0.978728817498051,0.977589252421494,1.59362431512217,1.59362454940461,15920.2853760251,17664.4456822982,0.99989990978357,0.999909791633443,0.0169491525423729,0.0178571428571429,0.949152542372881,0.0338983050847458,0.0357142857142857,0.949152542372881,0.00138016405993824,NA,NA,NA,NA,0.999986368769377,0.999986636758114,NA
"Ebf1",0.978728817498051,0.977589252421494,1.59362431512217,1.59362454940461,15920.2853760251,17664.4456822982,0.99989990978357,0.999909791633443,0.0169491525423729,0.0178571428571429,0.949152542372881,0.0338983050847458,0.0357142857142857,0.949152542372881,0.00138016405993824,NA,NA,NA,NA,0.999986368769377,0.999986636758114,NA
"Ntn1",0.978728817498051,0.977589252421494,1.59362431512217,1.59362454940461,15920.2853760251,17664.4456822982,0.99989990978357,0.999909791633443,0.0169491525423729,0.0178571428571429,0.949152542372881,0.0338983050847458,0.0357142857142857,0.949152542372881,0.00138016405993824,NA,NA,NA,NA,0.999986368769377,0.999986636758114,NA
"Tm4sf5",0.978728817498051,0.977589252421494,1.59362431512217,1.59362454940461,15920.2853760251,17664.4456822982,0.99989990978357,0.999909791633443,0.0169491525423729,0.0178571428571429,0.949152542372881,0.0338983050847458,0.0357142857142857,0.949152542372881,0.00138016405993824,NA,NA,NA,NA,0.999986368769377,0.999986636758114,NA
"Ccl2",0.978728817498051,0.977589252421494,1.59362431512217,1.59362454940461,15920.2853760251,17664.4456822982,0.99989990978357,0.999909791633443,0.0169491525423729,0.0178571428571429,0.949152542372881,0.0338983050847458,0.0357142857142857,0.949152542372881,0.00138016405993824,NA,NA,NA,NA,0.999986368769377,0.999986636758114,NA
"Ccl3",0.978728817498051,0.977589252421494,1.59362431512217,1.59362454940461,15920.2853760251,17664.4456822982,0.99989990978357,0.999909791633443,0.0169491525423729,0.0178571428571429,0.949152542372881,0.0338983050847458,0.0357142857142857,0.949152542372881,0.00138016405993824,NA,NA,NA,NA,0.999986368769377,0.999986636758114,NA
"Gngt2",0.978728817498051,0.977589252421494,1.59362431512217,1.59362454940461,15920.2853760251,17664.4456822982,0.99989990978357,0.999909791633443,0.0169491525423729,0.0178571428571429,0.949152542372881,0.0338983050847458,0.0357142857142857,0.949152542372881,0.00138016405993824,NA,NA,NA,NA,0.999986368769377,0.999986636758114,NA
"Slc17a1",0.978728817498051,0.977589252421494,1.59362431512217,1.59362454940461,15920.2853760251,17664.4456822982,0.99989990978357,0.999909791633443,0.0169491525423729,0.0178571428571429,0.949152542372881,0.0338983050847458,0.0357142857142857,0.949152542372881,0.00138016405993824,NA,NA,NA,NA,0.999986368769377,0.999986636758114,NA
"Fst",0.978728817498051,0.977589252421494,1.59362431512217,1.59362454940461,15920.2853760251,17664.4456822982,0.99989990978357,0.999909791633443,0.0169491525423729,0.0178571428571429,0.949152542372881,0.0338983050847458,0.0357142857142857,0.949152542372881,0.00138016405993824,NA,NA,NA,NA,0.999986368769377,0.999986636758114,NA
"Ptger4",0.978728817498051,0.977589252421494,1.59362431512217,1.59362454940461,15920.2853760251,17664.4456822982,0.99989990978357,0.999909791633443,0.0169491525423729,0.0178571428571429,0.949152542372881,0.0338983050847458,0.0357142857142857,0.949152542372881,0.00138016405993824,NA,NA,NA,NA,0.999986368769377,0.999986636758114,NA
"Wisp1",0.978728817498051,0.977589252421494,1.59362431512217,1.59362454940461,15920.2853760251,17664.4456822982,0.99989990978357,0.999909791633443,0.0338983050847458,0.0178571428571429,1.89830508474576,0.0338983050847458,0.0357142857142857,0.949152542372881,0.00138016405993824,NA,NA,NA,NA,0.999986368769377,0.999986636758114,NA
"Upk3a",0.978728817498051,0.977589252421494,1.59362431512217,1.59362454940461,15920.2853760251,17664.4456822982,0.99989990978357,0.999909791633443,0.0169491525423729,0.0178571428571429,0.949152542372881,0.0338983050847458,0.0357142857142857,0.949152542372881,0.00138016405993824,NA,NA,NA,NA,0.999986368769377,0.999986636758114,NA
"Miox",0.978728817498051,0.977589252421494,1.59362431512217,1.59362454940461,15920.2853760251,17664.4456822982,0.99989990978357,0.999909791633443,0.0169491525423729,0.0178571428571429,0.949152542372881,0.0338983050847458,0.0357142857142857,0.949152542372881,0.00138016405993824,NA,NA,NA,NA,0.999986368769377,0.999986636758114,NA
"Klhl6",0.978728817498051,0.977589252421494,1.59362431512217,1.59362454940461,15920.2853760251,17664.4456822982,0.99989990978357,0.999909791633443,0.0169491525423729,0.0178571428571429,0.949152542372881,0.0338983050847458,0.0357142857142857,0.949152542372881,0.00138016405993824,NA,NA,NA,NA,0.999986368769377,0.999986636758114,NA
"Abi3bp",0.978728817498051,0.977589252421494,1.59362431512217,1.59362454940461,15920.2853760251,17664.4456822982,0.99989990978357,0.999909791633443,0.0169491525423729,0.0178571428571429,0.949152542372881,0.0338983050847458,0.0357142857142857,0.949152542372881,0.00138016405993824,NA,NA,NA,NA,0.999986368769377,0.999986636758114,NA
"Trem2",0.978728817498051,0.977589252421494,1.59362431512217,1.59362454940461,15920.2853760251,17664.4456822982,0.99989990978357,0.999909791633443,0.0169491525423729,0.0178571428571429,0.949152542372881,0.0338983050847458,0.0357142857142857,0.949152542372881,0.00138016405993824,NA,NA,NA,NA,0.999986368769377,0.999986636758114,NA
"Epas1",0.978728817498051,0.977589252421494,1.59362431512217,1.59362454940461,15920.2853760251,17664.4456822982,0.99989990978357,0.999909791633443,0.0169491525423729,0.0178571428571429,0.949152542372881,0.0338983050847458,0.0357142857142857,0.949152542372881,0.00138016405993824,NA,NA,NA,NA,0.999986368769377,0.999986636758114,NA
"Mep1b",0.978728817498051,0.977589252421494,1.59362431512217,1.59362454940461,15920.2853760251,17664.4456822982,0.99989990978357,0.999909791633443,0.0169491525423729,0.0178571428571429,0.949152542372881,0.0338983050847458,0.0357142857142857,0.949152542372881,0.00138016405993824,NA,NA,NA,NA,0.999986368769377,0.999986636758114,NA
"Aldh3b2",0.978728817498051,0.977589252421494,1.59362431512217,1.59362454940461,15920.2853760251,17664.4456822982,0.99989990978357,0.999909791633443,0.0169491525423729,0.0178571428571429,0.949152542372881,0.0338983050847458,0.0357142857142857,0.949152542372881,0.00138016405993824,NA,NA,NA,NA,0.999986368769377,0.999986636758114,NA
"Ms4a6c",0.978728817498051,0.977589252421494,1.59362431512217,1.59362454940461,15920.2853760251,17664.4456822982,0.99989990978357,0.999909791633443,0.0169491525423729,0.0178571428571429,0.949152542372881,0.0338983050847458,0.0357142857142857,0.949152542372881,0.00138016405993824,NA,NA,NA,NA,0.999986368769377,0.999986636758114,NA
"Vwc2",2.45932928663523e-13,2.16001639034695e-13,0.0169491514263656,0.0178571424349252,12488.0555038273,13409.1220825549,0.999998642772815,0.999998668285773,0.0169491525423729,0.0178571428571429,0.949152542372881,0.0169491525423729,0.0178571428571429,0.949152542372881,0.00136201005355829,NA,NA,NA,NA,0.999986636758114,0.999986636758114,NA
"Akr1c19",2.45932928663523e-13,2.16001639034695e-13,0.0169491514263656,0.0178571424349252,12488.0555038273,13409.1220825549,0.999998642772815,0.999998668285773,0.0169491525423729,0.0178571428571429,0.949152542372881,0.0169491525423729,0.0178571428571429,0.949152542372881,0.00136201005355829,NA,NA,NA,NA,0.999986636758114,0.999986636758114,NA
